1 0 1488
2 1489 4762
3 4763 5975
4 5976 7764
5 7765 12292
6 12293 13378
7 13379 17611
8 17612 19447
9 19448 21605
10 21606 26574
11 26575 29169
12 29170 31782
13 31783 32155
14 32156 33694
15 33695 35206
16 35207 37407
17 37408 38912
18 38913 40005
19 40006 42684
20 42685 43705
21 43706 44046
22 44047 48635
23 48636 49931
24 49932 50836
25 50837 54766
26 54767 56118
27 56119 59258
28 59259 61893
29 61894 62441
30 62442 63742
31 63743 64992
32 64993 67502
33 67503 68711
34 68712 76866
35 76867 77468
36 77469 78815
37 78816 86242
38 86243 90123
39 90124 93851
40 93852 97331
41 97332 104353
42 104354 109288
43 109289 110949
44 110950 112532
45 112533 114563
46 114564 115917
47 115918 116435
48 116436 117802
49 117803 120111
50 120112 124615
51 124616 126165
52 126166 137733
53 137734 139798
54 139799 140626
55 140627 141556
56 141557 142627
57 142628 144463
58 144464 145190
59 145191 156771
60 156772 158565
61 158566 161541
62 161542 165298
63 165299 166259
64 166260 168480
65 168481 169720
66 169721 174494
67 174495 174816
68 174817 181883
69 181884 182937
70 182938 184730
71 184731 187308
72 187309 188804
73 188805 190061
74 190062 196744
75 196745 200296
76 200297 201303
77 201304 204850
78 204851 206503
79 206504 209511
80 209512 210831
81 210832 211340
82 211341 212116
83 212117 216965
84 216966 218199
85 218200 224658
86 224659 227362
87 227363 227817
88 227818 232071
89 232072 232603
90 232604 234101
91 234102 236238
92 236239 239045
93 239046 242232
94 242233 243619
95 243620 245164
96 245165 246311
97 246312 247773
98 247774 250134
99 250135 250736
100 250737 257335
101 257336 265512
102 265513 269185
103 269186 274181
104 274182 277651
105 277652 279537
106 279538 280538
107 280539 281958
108 281959 283125
109 283126 285233
110 285234 286541
111 286542 288288
112 288289 290099
113 290100 292290
114 292291 294103
115 294104 301769
116 301770 320085
117 320086 323957
118 323958 328361
119 328362 331712
120 331713 335272
121 335273 345724
122 345725 349798
123 349799 351026
124 351027 351917
125 351918 353420
126 353421 354390
127 354391 356368
128 356369 360807
129 360808 362450
130 362451 368699
131 368700 376350
132 376351 378344
133 378345 382354
134 382355 385026
135 385027 389796
136 389797 398553
137 398554 403513
138 403514 411501
139 411502 416299
140 416300 426309
141 426310 428494
142 428495 430104
143 430105 432186
144 432187 434049
145 434050 436485
146 436486 439387
147 439388 441967
148 441968 455282
149 455283 457765
150 457766 459983
151 459984 462497
152 462498 465565
153 465566 467104
154 467105 477218
155 477219 486810
156 486811 491526
157 491527 498540
158 498541 502190
159 502191 505613
160 505614 508474
161 508475 514364
162 514365 517462
163 517463 523303
164 523304 528090
165 528091 541749
166 541750 545588
167 545589 548566
168 548567 550160
169 550161 558253
170 558254 563939
171 563940 576420
172 576421 580250
173 580251 582431
174 582432 587913
175 587914 593763
176 593764 601699
177 601700 611850
178 611851 615443
179 615444 618838
180 618839 621029
181 621030 621261
182 621262 625051
183 625052 627052
184 627053 628524
185 628525 635911
186 635912 636944
187 636945 637903
188 637904 639521
189 639522 642806
190 642807 644646
191 644647 648684
192 648685 650861
193 650862 654889
194 654890 656287
195 656288 661222
196 661223 663837
197 663838 665603
198 665604 667592
199 667593 669090
200 669091 670136
201 670137 671238
202 671239 677944
203 677945 680109
204 680110 682057
205 682058 688763
206 688764 694986
207 694987 698610
208 698611 699250
209 699251 701085
210 701086 704182
211 704183 705448
212 705449 707753
213 707754 708876
214 708877 712372
215 712373 716500
216 716501 720814
217 720815 727118
218 727119 730889
219 730890 731605
220 731606 735898
221 735899 739995
222 739996 740548
223 740549 741551
224 741552 743152
225 743153 746823
226 746824 750422
227 750423 755242
228 755243 757956
229 757957 760051
230 760052 763198
231 763199 764016
232 764017 771213
233 771214 772170
234 772171 775334
235 775335 777723
236 777724 780402
237 780403 783807
238 783808 786373
239 786374 790416
240 790417 792474
241 792475 794352
242 794353 798804
243 798805 800243
244 800244 804684
245 804685 808582
246 808583 814279
247 814280 820960
248 820961 825507
249 825508 827324
250 827325 828592
251 828593 831457
252 831458 837917
253 837918 840472
254 840473 843936
255 843937 846659
256 846660 848932
257 848933 859434
258 859435 860202
259 860203 869334
260 869335 876163
261 876164 878384
262 878385 880921
263 880922 883328
264 883329 885702
265 885703 887053
266 887054 888193
267 888194 891155
268 891156 901329
269 901330 902622
270 902623 906607
271 906608 907740
272 907741 908213
273 908214 918993
274 918994 920845
275 920846 924225
276 924226 927584
277 927585 931183
278 931184 940892
279 940893 943093
280 943094 944221
281 944222 945018
282 945019 946077
283 946078 947926
284 947927 956440
285 956441 959912
286 959913 966268
287 966269 971099
288 971100 976726
289 976727 978449
290 978450 983826
291 983827 985534
292 985535 987250
293 987251 994052
294 994053 996853
295 996854 998366
296 998367 1000449
297 1000450 1003040
298 1003041 1005634
299 1005635 1009411
300 1009412 1013103
301 1013104 1015114
302 1015115 1018347
303 1018348 1021219
304 1021220 1028807
305 1028808 1029222
306 1029223 1029733
307 1029734 1041010
308 1041011 1045518
309 1045519 1049212
310 1049213 1058255
311 1058256 1061679
312 1061680 1063747
313 1063748 1065765
314 1065766 1072913
315 1072914 1079394
316 1079395 1083101
317 1083102 1085364
318 1085365 1100350
319 1100351 1106781
320 1106782 1108126
321 1108127 1110118
322 1110119 1113072
323 1113073 1115673
324 1115674 1117826
325 1117827 1119431
326 1119432 1120188
327 1120189 1121595
328 1121596 1122346
329 1122347 1122747
330 1122748 1126751
331 1126752 1130692
332 1130693 1133771
333 1133772 1137952
334 1137953 1145576
335 1145577 1151030
336 1151031 1152391
337 1152392 1157734
338 1157735 1158923
339 1158924 1159868
340 1159869 1161743
341 1161744 1164167
342 1164168 1169680
343 1169681 1172195
344 1172196 1180312
345 1180313 1182799
346 1182800 1183731
347 1183732 1184594
348 1184595 1186253
349 1186254 1188508
350 1188509 1195811
351 1195812 1197468
352 1197469 1202253
353 1202254 1204726
354 1204727 1208368
355 1208369 1211077
356 1211078 1218056
357 1218057 1220376
358 1220377 1223415
359 1223416 1228036
360 1228037 1230575
361 1230576 1233476
362 1233477 1235398
363 1235399 1236689
364 1236690 1241443
365 1241444 1243094
366 1243095 1244103
367 1244104 1245722
368 1245723 1247539
369 1247540 1252165
370 1252166 1253855
371 1253856 1256558
372 1256559 1265924
373 1265925 1267818
374 1267819 1270463
375 1270464 1279570
376 1279571 1283138
377 1283139 1289313
378 1289314 1292699
379 1292700 1295672
380 1295673 1303571
381 1303572 1305322
382 1305323 1307540
383 1307541 1309204
384 1309205 1310184
385 1310185 1312589
386 1312590 1314273
387 1314274 1316059
388 1316060 1330975
389 1330976 1338379
390 1338380 1341539
391 1341540 1343231
392 1343232 1344659
393 1344660 1352364
394 1352365 1354373
395 1354374 1356504
396 1356505 1358305
397 1358306 1360008
398 1360009 1362102
399 1362103 1363276
400 1363277 1367042
401 1367043 1369482
402 1369483 1371547
403 1371548 1374082
404 1374083 1377543
405 1377544 1380030
406 1380031 1382572
407 1382573 1402809
408 1402810 1411231
409 1411232 1415626
410 1415627 1420126
411 1420127 1424295
412 1424296 1425842
413 1425843 1430353
414 1430354 1431730
415 1431731 1432925
416 1432926 1434418
417 1434419 1441852
418 1441853 1444057
419 1444058 1462108
420 1462109 1471012
421 1471013 1476713
422 1476714 1480763
423 1480764 1484347
424 1484348 1486425
425 1486426 1502811
426 1502812 1507296
427 1507297 1508474
428 1508475 1510426
429 1510427 1511804
430 1511805 1519981
431 1519982 1525178
432 1525179 1532048
433 1532049 1533982
434 1533983 1542204
435 1542205 1549783
436 1549784 1558306
437 1558307 1563301
438 1563302 1570063
439 1570064 1585180
440 1585181 1592723
441 1592724 1597830
442 1597831 1599214
443 1599215 1600793
444 1600794 1602960
445 1602961 1604321
446 1604322 1605164
447 1605165 1611561
448 1611562 1613719
449 1613720 1621992
450 1621993 1626235
451 1626236 1628137
452 1628138 1633400
453 1633401 1638896
454 1638897 1648038
455 1648039 1652756
456 1652757 1662277
457 1662278 1666075
458 1666076 1667163
459 1667164 1668597
460 1668598 1669981
461 1669982 1679085
462 1679086 1679407
463 1679408 1681161
464 1681162 1681956
465 1681957 1683437
466 1683438 1696014
467 1696015 1704073
468 1704074 1708177
469 1708178 1713204
470 1713205 1717693
471 1717694 1726609
472 1726610 1728841
473 1728842 1734231
474 1734232 1737183
475 1737184 1740319
476 1740320 1742026
477 1742027 1750143
478 1750144 1753858
479 1753859 1768037
480 1768038 1771340
481 1771341 1775243
482 1775244 1779581
483 1779582 1791199
484 1791200 1792143
485 1792144 1800166
486 1800167 1806457
487 1806458 1807264
488 1807265 1812971
489 1812972 1828557
490 1828558 1829490
491 1829491 1835580
492 1835581 1836264
493 1836265 1841536
494 1841537 1849621
495 1849622 1851087
496 1851088 1855463
497 1855464 1856189
498 1856190 1865127
499 1865128 1866506
500 1866507 1874595
501 1874596 1886148
502 1886149 1888199
503 1888200 1891810
504 1891811 1896983
505 1896984 1902321
506 1902322 1907487
507 1907488 1913831
508 1913832 1914868
509 1914869 1922070
510 1922071 1925017
511 1925018 1934554
512 1934555 1938777
513 1938778 1945203
514 1945204 1948092
515 1948093 1949679
516 1949680 1952604
517 1952605 1956009
518 1956010 1957785
519 1957786 1963343
520 1963344 1972405
521 1972406 1974702
522 1974703 1983126
523 1983127 1989926
524 1989927 1996390
525 1996391 2000081
526 2000082 2003467
527 2003468 2006357
528 2006358 2009773
529 2009774 2010247
530 2010248 2012417
531 2012418 2016345
532 2016346 2019962
533 2019963 2022876
534 2022877 2026457
535 2026458 2029155
536 2029156 2035720
537 2035721 2045146
538 2045147 2053583
539 2053584 2064113
540 2064114 2073810
541 2073811 2084089
542 2084090 2092050
543 2092051 2097527
544 2097528 2103774
545 2103775 2111270
546 2111271 2114824
547 2114825 2118817
548 2118818 2121179
549 2121180 2122726
550 2122727 2124392
551 2124393 2127547
552 2127548 2131064
553 2131065 2138667
554 2138668 2145012
555 2145013 2150952
556 2150953 2154528
557 2154529 2159125
558 2159126 2162610
559 2162611 2174215
560 2174216 2179370
561 2179371 2186014
562 2186015 2190823
563 2190824 2191898
564 2191899 2196068
565 2196069 2199727
566 2199728 2203173
567 2203174 2207488
568 2207489 2212396
569 2212397 2216955
570 2216956 2224942
571 2224943 2227191
572 2227192 2232730
573 2232731 2237111
574 2237112 2243638
575 2243639 2248431
576 2248432 2250602
577 2250603 2252749
578 2252750 2254246
579 2254247 2257563
580 2257564 2262162
581 2262163 2266300
582 2266301 2272539
583 2272540 2281120
584 2281121 2282977
585 2282978 2288761
586 2288762 2296039
587 2296040 2297316
588 2297317 2300740
589 2300741 2304851
590 2304852 2306464
591 2306465 2313754
592 2313755 2316512
593 2316513 2326653
594 2326654 2330949
595 2330950 2336757
596 2336758 2337575
597 2337576 2341335
598 2341336 2343314
599 2343315 2346553
600 2346554 2350301
601 2350302 2354538
602 2354539 2358156
603 2358157 2372774
604 2372775 2375839
605 2375840 2380672
606 2380673 2384788
607 2384789 2387422
608 2387423 2390159
609 2390160 2393742
610 2393743 2397223
611 2397224 2417032
612 2417033 2421044
613 2421045 2422310
614 2422311 2426495
615 2426496 2430182
616 2430183 2435542
617 2435543 2439874
618 2439875 2443680
619 2443681 2448052
620 2448053 2451133
621 2451134 2452834
622 2452835 2457150
623 2457151 2460899
624 2460900 2464071
625 2464072 2468080
626 2468081 2472251
627 2472252 2475806
628 2475807 2479462
629 2479463 2483279
630 2483280 2487295
631 2487296 2490778
632 2490779 2495101
633 2495102 2505618
634 2505619 2509394
635 2509395 2514126
636 2514127 2517630
637 2517631 2521652
638 2521653 2526435
639 2526436 2530621
640 2530622 2534585
641 2534586 2538076
642 2538077 2540922
643 2540923 2544024
644 2544025 2547168
645 2547169 2551241
646 2551242 2554520
647 2554521 2573888
648 2573889 2578254
649 2578255 2581673
650 2581674 2583238
651 2583239 2586703
652 2586704 2590230
653 2590231 2609783
654 2609784 2614469
655 2614470 2615992
656 2615993 2619418
657 2619419 2624267
658 2624268 2628420
659 2628421 2631775
660 2631776 2633014
661 2633015 2636480
662 2636481 2641926
663 2641927 2645714
664 2645715 2650792
665 2650793 2653963
666 2653964 2657264
667 2657265 2660914
668 2660915 2664656
669 2664657 2668148
670 2668149 2670896
671 2670897 2674140
672 2674141 2677798
673 2677799 2681005
674 2681006 2684567
675 2684568 2703518
676 2703519 2708034
677 2708035 2711821
678 2711822 2715448
679 2715449 2717054
680 2717055 2721395
681 2721396 2722645
682 2722646 2723589
683 2723590 2726549
684 2726550 2730632
685 2730633 2734169
686 2734170 2737029
687 2737030 2740569
688 2740570 2743193
689 2743194 2744314
690 2744315 2748548
691 2748549 2768362
692 2768363 2772201
693 2772202 2777035
694 2777036 2780376
695 2780377 2785185
696 2785186 2788512
697 2788513 2791787
698 2791788 2795446
699 2795447 2797075
700 2797076 2799901
701 2799902 2800854
702 2800855 2801982
703 2801983 2817539
704 2817540 2823977
705 2823978 2837946
706 2837947 2838689
707 2838690 2841465
708 2841466 2843523
709 2843524 2846137
710 2846138 2848927
711 2848928 2850710
712 2850711 2870767
713 2870768 2879811
714 2879812 2883389
715 2883390 2886949
716 2886950 2890350
717 2890351 2892458
718 2892459 2895825
719 2895826 2896260
720 2896261 2898812
721 2898813 2901726
722 2901727 2915661
723 2915662 2917473
724 2917474 2921586
725 2921587 2924351
726 2924352 2927325
727 2927326 2928259
728 2928260 2928952
729 2928953 2949107
730 2949108 2952951
731 2952952 2981592
732 2981593 2985811
733 2985812 2993205
734 2993206 3002533
735 3002534 3032838
736 3032839 3052526
737 3052527 3053470
738 3053471 3054091
739 3054092 3056409
740 3056410 3058029
741 3058030 3063000
742 3063001 3066321
743 3066322 3070375
744 3070376 3072881
745 3072882 3077478
746 3077479 3078628
747 3078629 3080636
748 3080637 3081310
749 3081311 3081736
750 3081737 3091660
751 3091661 3093965
752 3093966 3094823
753 3094824 3125280
754 3125281 3128827
755 3128828 3129763
756 3129764 3132353
757 3132354 3135475
758 3135476 3135810
759 3135811 3143023
760 3143024 3162057
761 3162058 3167764
762 3167765 3169072
763 3169073 3171257
764 3171258 3173610
765 3173611 3176224
766 3176225 3178780
767 3178781 3180027
768 3180028 3189031
769 3189032 3192683
770 3192684 3194833
771 3194834 3197196
772 3197197 3219294
773 3219295 3220151
774 3220152 3220551
775 3220552 3221707
776 3221708 3225556
777 3225557 3226696
778 3226697 3230233
779 3230234 3233489
780 3233490 3235060
781 3235061 3236400
782 3236401 3238410
783 3238411 3240572
784 3240573 3241860
785 3241861 3243178
786 3243179 3247078
787 3247079 3247635
788 3247636 3254110
789 3254111 3256689
790 3256690 3260366
791 3260367 3261191
792 3261192 3262467
793 3262468 3264889
794 3264890 3265583
795 3265584 3266376
796 3266377 3271398
797 3271399 3276726
798 3276727 3278048
799 3278049 3292662
800 3292663 3293776
801 3293777 3295099
802 3295100 3300352
803 3300353 3302872
804 3302873 3305961
805 3305962 3312853
806 3312854 3319033
807 3319034 3328255
808 3328256 3339866
809 3339867 3341957
810 3341958 3348477
811 3348478 3354268
812 3354269 3364284
813 3364285 3372010
814 3372011 3378006
815 3378007 3379235
816 3379236 3384188
817 3384189 3394180
818 3394181 3399702
819 3399703 3402757
820 3402758 3404753
821 3404754 3406713
822 3406714 3409036
823 3409037 3410862
824 3410863 3412282
825 3412283 3413782
826 3413783 3415335
827 3415336 3416974
828 3416975 3420447
829 3420448 3423010
830 3423011 3438287
831 3438288 3441586
832 3441587 3449566
833 3449567 3453258
834 3453259 3456700
835 3456701 3462862
836 3462863 3465422
837 3465423 3469124
838 3469125 3471889
839 3471890 3481268
840 3481269 3482664
841 3482665 3484608
842 3484609 3489597
843 3489598 3491011
844 3491012 3492721
845 3492722 3494563
846 3494564 3497439
847 3497440 3505614
848 3505615 3513146
849 3513147 3516649
850 3516650 3526406
851 3526407 3528051
852 3528052 3529003
853 3529004 3530670
854 3530671 3534815
855 3534816 3538589
856 3538590 3539626
857 3539627 3554693
858 3554694 3558838
859 3558839 3565352
860 3565353 3568851
861 3568852 3572361
862 3572362 3573577
863 3573578 3578382
864 3578383 3579144
865 3579145 3579643
866 3579644 3587446
867 3587447 3590309
868 3590310 3593950
869 3593951 3596689
870 3596690 3597902
871 3597903 3598895
872 3598896 3601034
873 3601035 3612781
874 3612782 3618082
875 3618083 3623994
876 3623995 3625772
877 3625773 3626730
878 3626731 3649281
879 3649282 3650783
880 3650784 3657416
881 3657417 3663834
882 3663835 3673404
883 3673405 3675035
884 3675036 3678818
885 3678819 3680919
886 3680920 3681716
887 3681717 3682829
888 3682830 3685783
889 3685784 3690211
890 3690212 3699907
891 3699908 3702110
892 3702111 3705293
893 3705294 3707411
894 3707412 3709708
895 3709709 3736738
896 3736739 3738650
897 3738651 3740442
898 3740443 3745824
899 3745825 3751306
900 3751307 3753819
901 3753820 3757249
902 3757250 3762032
903 3762033 3765778
904 3765779 3769176
905 3769177 3784682
906 3784683 3788832
907 3788833 3792447
908 3792448 3802623
909 3802624 3804311
910 3804312 3805820
911 3805821 3811706
912 3811707 3822676
913 3822677 3827742
914 3827743 3831616
915 3831617 3833833
916 3833834 3835114
917 3835115 3835789
918 3835790 3837341
919 3837342 3842012
920 3842013 3844769
921 3844770 3846742
922 3846743 3855528
923 3855529 3861819
924 3861820 3867020
925 3867021 3869014
926 3869015 3875510
927 3875511 3878500
928 3878501 3881460
929 3881461 3888992
930 3888993 3890710
931 3890711 3892840
932 3892841 3895453
933 3895454 3897167
934 3897168 3898778
935 3898779 3909717
936 3909718 3917353
937 3917354 3920728
938 3920729 3923787
939 3923788 3925706
940 3925707 3931302
941 3931303 3939488
942 3939489 3942717
943 3942718 3943316
944 3943317 3946994
945 3946995 3952112
946 3952113 3959044
947 3959045 3959976
948 3959977 3962362
949 3962363 3966752
950 3966753 3970327
951 3970328 3973254
952 3973255 3978903
953 3978904 3984001
954 3984002 3991377
955 3991378 3992521
956 3992522 3996482
957 3996483 3997845
958 3997846 4005215
959 4005216 4008530
960 4008531 4012934
961 4012935 4017805
962 4017806 4020172
963 4020173 4026252
964 4026253 4028553
965 4028554 4030283
966 4030284 4045606
967 4045607 4054913
968 4054914 4060327
969 4060328 4061708
970 4061709 4067426
971 4067427 4068841
972 4068842 4075428
973 4075429 4080084
974 4080085 4084715
975 4084716 4094505
976 4094506 4096252
977 4096253 4099751
978 4099752 4115299
979 4115300 4124918
980 4124919 4128850
981 4128851 4136768
982 4136769 4150473
983 4150474 4154271
984 4154272 4168348
985 4168349 4173769
986 4173770 4176595
987 4176596 4179310
988 4179311 4180569
989 4180570 4181684
990 4181685 4182554
991 4182555 4183544
992 4183545 4184549
993 4184550 4186918
994 4186919 4188671
995 4188672 4189833
996 4189834 4190745
997 4190746 4191888
998 4191889 4193255
999 4193256 4194263
1000 4194264 4196223
1001 4196224 4198859
1002 4198860 4200145
1003 4200146 4202898
1004 4202899 4205727
1005 4205728 4208737
1006 4208738 4209810
1007 4209811 4213436
1008 4213437 4215992
1009 4215993 4220300
1010 4220301 4223644
1011 4223645 4229538
1012 4229539 4232851
1013 4232852 4233784
1014 4233785 4236124
1015 4236125 4240764
1016 4240765 4243089
1017 4243090 4243897
1018 4243898 4249715
1019 4249716 4250962
1020 4250963 4256991
1021 4256992 4257878
1022 4257879 4259509
1023 4259510 4260395
1024 4260396 4263682
1025 4263683 4270104
1026 4270105 4270943
1027 4270944 4274376
1028 4274377 4278415
1029 4278416 4279675
1030 4279676 4280769
1031 4280770 4282584
1032 4282585 4284132
1033 4284133 4286642
1034 4286643 4289151
1035 4289152 4290912
1036 4290913 4292304
1037 4292305 4295227
1038 4295228 4297677
1039 4297678 4299258
1040 4299259 4301132
1041 4301133 4302226
1042 4302227 4303190
1043 4303191 4306567
1044 4306568 4308538
1045 4308539 4310480
1046 4310481 4312717
1047 4312718 4314684
1048 4314685 4317819
1049 4317820 4319626
1050 4319627 4322836
1051 4322837 4326650
1052 4326651 4327180
1053 4327181 4328298
1054 4328299 4329121
1055 4329122 4331702
1056 4331703 4332772
1057 4332773 4335063
1058 4335064 4336938
1059 4336939 4338373
1060 4338374 4339110
1061 4339111 4340800
1062 4340801 4343351
1063 4343352 4344930
1064 4344931 4347229
1065 4347230 4349629
1066 4349630 4351891
1067 4351892 4352971
1068 4352972 4355504
1069 4355505 4356943
1070 4356944 4361140
1071 4361141 4363262
1072 4363263 4365065
1073 4365066 4367327
1074 4367328 4371553
1075 4371554 4372103
1076 4372104 4372946
1077 4372947 4375523
1078 4375524 4379773
1079 4379774 4383344
1080 4383345 4384261
1081 4384262 4388354
1082 4388355 4391881
1083 4391882 4393115
1084 4393116 4395523
1085 4395524 4398190
1086 4398191 4398623
1087 4398624 4399066
1088 4399067 4399525
1089 4399526 4400028
1090 4400029 4400501
1091 4400502 4400982
1092 4400983 4401487
1093 4401488 4402028
1094 4402029 4402517
1095 4402518 4403036
1096 4403037 4403531
1097 4403532 4404018
1098 4404019 4404521
1099 4404522 4404992
1100 4404993 4405531
1101 4405532 4411905
1102 4411906 4415500
1103 4415501 4422378
1104 4422379 4432578
1105 4432579 4434772
1106 4434773 4438465
1107 4438466 4440819
1108 4440820 4444545
1109 4444546 4447504
1110 4447505 4451296
1111 4451297 4452936
1112 4452937 4463093
1113 4463094 4465255
1114 4465256 4470258
1115 4470259 4472696
1116 4472697 4474228
1117 4474229 4482204
1118 4482205 4489009
1119 4489010 4493474
1120 4493475 4503110
1121 4503111 4509541
1122 4509542 4515297
1123 4515298 4518193
1124 4518194 4523888
1125 4523889 4534351
1126 4534352 4538685
1127 4538686 4544869
1128 4544870 4549527
1129 4549528 4551822
1130 4551823 4555272
1131 4555273 4564197
1132 4564198 4566023
1133 4566024 4571784
1134 4571785 4575852
1135 4575853 4579925
1136 4579926 4582556
1137 4582557 4582931
1138 4582932 4584807
1139 4584808 4592230
1140 4592231 4596699
1141 4596700 4599148
1142 4599149 4600911
1143 4600912 4604018
1144 4604019 4607564
1145 4607565 4610376
1146 4610377 4615635
1147 4615636 4616831
1148 4616832 4618013
1149 4618014 4621147
1150 4621148 4628788
1151 4628789 4636462
1152 4636463 4637671
1153 4637672 4643715
1154 4643716 4645427
1155 4645428 4647776
1156 4647777 4652634
1157 4652635 4654377
1158 4654378 4657754
1159 4657755 4659701
1160 4659702 4660892
1161 4660893 4663553
1162 4663554 4664243
1163 4664244 4667063
1164 4667064 4672293
1165 4672294 4673969
1166 4673970 4676823
1167 4676824 4680999
1168 4681000 4682270
1169 4682271 4683399
1170 4683400 4685037
1171 4685038 4686239
1172 4686240 4687921
1173 4687922 4688759
1174 4688760 4689644
1175 4689645 4693489
1176 4693490 4694339
1177 4694340 4697473
1178 4697474 4705338
1179 4705339 4707905
1180 4707906 4709431
1181 4709432 4712612
1182 4712613 4713790
1183 4713791 4716509
1184 4716510 4718880
1185 4718881 4720246
1186 4720247 4721295
1187 4721296 4724987
1188 4724988 4728079
1189 4728080 4729557
1190 4729558 4737930
1191 4737931 4739407
1192 4739408 4741483
1193 4741484 4742457
1194 4742458 4744143
1195 4744144 4745786
1196 4745787 4746720
1197 4746721 4749167
1198 4749168 4758831
1199 4758832 4762810
1200 4762811 4764776
1201 4764777 4766348
1202 4766349 4768919
1203 4768920 4770937
1204 4770938 4774700
1205 4774701 4775651
1206 4775652 4776869
1207 4776870 4778804
1208 4778805 4780247
1209 4780248 4784069
1210 4784070 4789798
1211 4789799 4792049
1212 4792050 4794962
1213 4794963 4796477
1214 4796478 4802238
1215 4802239 4804907
1216 4804908 4806205
1217 4806206 4807481
1218 4807482 4808826
1219 4808827 4816792
1220 4816793 4818509
1221 4818510 4821348
1222 4821349 4822601
1223 4822602 4824024
1224 4824025 4829157
1225 4829158 4832209
1226 4832210 4833516
1227 4833517 4836315
1228 4836316 4837769
1229 4837770 4838703
1230 4838704 4841489
1231 4841490 4842994
1232 4842995 4843912
1233 4843913 4846923
1234 4846924 4848132
1235 4848133 4856916
1236 4856917 4859529
1237 4859530 4861164
1238 4861165 4863409
1239 4863410 4865408
1240 4865409 4871666
1241 4871667 4873755
1242 4873756 4875332
1243 4875333 4878490
1244 4878491 4882560
1245 4882561 4885254
1246 4885255 4888141
1247 4888142 4889188
1248 4889189 4890617
1249 4890618 4896131
1250 4896132 4897788
1251 4897789 4901417
1252 4901418 4903508
1253 4903509 4909325
1254 4909326 4916116
1255 4916117 4917333
1256 4917334 4918861
1257 4918862 4919226
1258 4919227 4921435
1259 4921436 4923187
1260 4923188 4926143
1261 4926144 4927373
1262 4927374 4929343
1263 4929344 4930267
1264 4930268 4932145
1265 4932146 4935122
1266 4935123 4942016
1267 4942017 4944687
1268 4944688 4946260
1269 4946261 4948038
1270 4948039 4949751
1271 4949752 4950719
1272 4950720 4959686
1273 4959687 4965306
1274 4965307 4970984
1275 4970985 4976479
1276 4976480 4983231
1277 4983232 4985314
1278 4985315 5004780
1279 5004781 5012470
1280 5012471 5014299
1281 5014300 5015544
1282 5015545 5018589
1283 5018590 5020456
1284 5020457 5023158
1285 5023159 5027336
1286 5027337 5028758
1287 5028759 5029362
1288 5029363 5035943
1289 5035944 5038366
1290 5038367 5040204
1291 5040205 5043560
1292 5043561 5045458
1293 5045459 5059222
1294 5059223 5059771
1295 5059772 5061406
1296 5061407 5064447
1297 5064448 5066825
1298 5066826 5069655
1299 5069656 5088038
1300 5088039 5091390
1301 5091391 5095093
1302 5095094 5101462
1303 5101463 5102962
1304 5102963 5105659
1305 5105660 5107765
1306 5107766 5110886
1307 5110887 5112501
1308 5112502 5121028
1309 5121029 5124544
1310 5124545 5127947
1311 5127948 5129325
1312 5129326 5137253
1313 5137254 5145465
1314 5145466 5154114
1315 5154115 5159812
1316 5159813 5167243
1317 5167244 5174313
1318 5174314 5179817
1319 5179818 5181624
1320 5181625 5188060
1321 5188061 5197090
1322 5197091 5200966
1323 5200967 5205572
1324 5205573 5208311
1325 5208312 5210715
1326 5210716 5214583
1327 5214584 5219405
1328 5219406 5223679
1329 5223680 5226939
1330 5226940 5234003
1331 5234004 5242582
1332 5242583 5251082
1333 5251083 5253891
1334 5253892 5254518
1335 5254519 5258720
1336 5258721 5266868
1337 5266869 5275216
1338 5275217 5280636
1339 5280637 5283049
1340 5283050 5290656
1341 5290657 5297304
1342 5297305 5300759
1343 5300760 5303669
1344 5303670 5304739
1345 5304740 5307804
1346 5307805 5318403
1347 5318404 5325977
1348 5325978 5333604
1349 5333605 5334644
1350 5334645 5337618
1351 5337619 5339423
1352 5339424 5347461
1353 5347462 5354413
1354 5354414 5358480
1355 5358481 5359511
1356 5359512 5369101
1357 5369102 5378742
1358 5378743 5381458
1359 5381459 5385263
1360 5385264 5390964
1361 5390965 5405757
1362 5405758 5408813
1363 5408814 5413279
1364 5413280 5421181
1365 5421182 5427690
1366 5427691 5430208
1367 5430209 5434084
1368 5434085 5437895
1369 5437896 5439753
1370 5439754 5443150
1371 5443151 5448200
1372 5448201 5450439
1373 5450440 5451544
1374 5451545 5452906
1375 5452907 5456912
1376 5456913 5457888
1377 5457889 5461384
1378 5461385 5464694
1379 5464695 5468380
1380 5468381 5471667
1381 5471668 5474142
1382 5474143 5475127
1383 5475128 5476386
1384 5476387 5484462
1385 5484463 5491484
1386 5491485 5495977
1387 5495978 5503284
1388 5503285 5504289
1389 5504290 5507628
1390 5507629 5516708
1391 5516709 5518865
1392 5518866 5525170
1393 5525171 5531466
1394 5531467 5532607
1395 5532608 5533427
1396 5533428 5540202
1397 5540203 5543794
1398 5543795 5546485
1399 5546486 5547507
1400 5547508 5551276
1401 5551277 5552928
1402 5552929 5555642
1403 5555643 5558337
1404 5558338 5558862
1405 5558863 5563025
1406 5563026 5569110
1407 5569111 5570861
1408 5570862 5574467
1409 5574468 5576935
1410 5576936 5582965
1411 5582966 5588758
1412 5588759 5596537
1413 5596538 5601489
1414 5601490 5602409
1415 5602410 5603695
1416 5603696 5605741
1417 5605742 5609819
1418 5609820 5613326
1419 5613327 5613936
1420 5613937 5618008
1421 5618009 5620925
1422 5620926 5623791
1423 5623792 5627309
1424 5627310 5632921
1425 5632922 5637554
1426 5637555 5642661
1427 5642662 5645381
1428 5645382 5654562
1429 5654563 5663981
1430 5663982 5669542
1431 5669543 5671578
1432 5671579 5678946
1433 5678947 5680941
1434 5680942 5684442
1435 5684443 5688189
1436 5688190 5690802
1437 5690803 5699161
1438 5699162 5700482
1439 5700483 5702379
1440 5702380 5705480
1441 5705481 5710045
1442 5710046 5712081
1443 5712082 5713295
1444 5713296 5714529
1445 5714530 5719831
1446 5719832 5722627
1447 5722628 5726656
1448 5726657 5727807
1449 5727808 5729844
1450 5729845 5732003
1451 5732004 5733355
1452 5733356 5736262
1453 5736263 5737861
1454 5737862 5745196
1455 5745197 5750508
1456 5750509 5751260
1457 5751261 5751807
1458 5751808 5752683
1459 5752684 5753370
1460 5753371 5753918
1461 5753919 5754504
1462 5754505 5755860
1463 5755861 5759399
1464 5759400 5763145
1465 5763146 5763670
1466 5763671 5765770
1467 5765771 5767121
1468 5767122 5770532
1469 5770533 5776797
1470 5776798 5780080
1471 5780081 5785419
1472 5785420 5788444
1473 5788445 5792270
1474 5792271 5795575
1475 5795576 5798630
1476 5798631 5800735
1477 5800736 5802674
1478 5802675 5805888
1479 5805889 5809675
1480 5809676 5811630
1481 5811631 5813799
1482 5813800 5817623
1483 5817624 5821432
1484 5821433 5825069
1485 5825070 5836228
1486 5836229 5846310
1487 5846311 5848376
1488 5848377 5852215
1489 5852216 5855678
1490 5855679 5859911
1491 5859912 5861443
1492 5861444 5862916
1493 5862917 5865284
1494 5865285 5867249
1495 5867250 5870366
1496 5870367 5873142
1497 5873143 5875076
1498 5875077 5877479
1499 5877480 5887150
1500 5887151 5889188
1501 5889189 5891060
1502 5891061 5893724
1503 5893725 5896930
1504 5896931 5906467
1505 5906468 5909946
1506 5909947 5918343
1507 5918344 5920499
1508 5920500 5922244
1509 5922245 5923314
1510 5923315 5924785
1511 5924786 5925859
1512 5925860 5927246
1513 5927247 5932625
1514 5932626 5937636
1515 5937637 5939806
1516 5939807 5941563
1517 5941564 5945598
1518 5945599 5947936
1519 5947937 5950211
1520 5950212 5957901
1521 5957902 5959224
1522 5959225 5960718
1523 5960719 5965016
1524 5965017 5966298
1525 5966299 5967548
1526 5967549 5968975
1527 5968976 5970679
1528 5970680 5975881
1529 5975882 5978422
1530 5978423 5979813
1531 5979814 5983007
1532 5983008 5993948
1533 5993949 5997796
1534 5997797 6007370
1535 6007371 6011174
1536 6011175 6012714
1537 6012715 6014821
1538 6014822 6021871
1539 6021872 6023753
1540 6023754 6031059
1541 6031060 6034407
1542 6034408 6036342
1543 6036343 6049247
1544 6049248 6054516
1545 6054517 6059210
1546 6059211 6060603
1547 6060604 6063094
1548 6063095 6065432
1549 6065433 6067602
1550 6067603 6071226
1551 6071227 6072624
1552 6072625 6083686
1553 6083687 6084872
1554 6084873 6085560
1555 6085561 6090336
1556 6090337 6092393
1557 6092394 6093704
1558 6093705 6094622
1559 6094623 6102051
1560 6102052 6105183
1561 6105184 6107094
1562 6107095 6109988
1563 6109989 6110975
1564 6110976 6112310
1565 6112311 6113682
1566 6113683 6114226
1567 6114227 6118202
1568 6118203 6122839
1569 6122840 6127813
1570 6127814 6131072
1571 6131073 6133299
1572 6133300 6134175
1573 6134176 6134977
1574 6134978 6136238
1575 6136239 6141939
1576 6141940 6143546
1577 6143547 6144330
1578 6144331 6146031
1579 6146032 6159026
1580 6159027 6159596
1581 6159597 6161454
1582 6161455 6163942
1583 6163943 6166281
1584 6166282 6168985
1585 6168986 6170651
1586 6170652 6171289
1587 6171290 6173466
1588 6173467 6175679
1589 6175680 6177896
1590 6177897 6180236
1591 6180237 6182388
1592 6182389 6182886
1593 6182887 6185331
1594 6185332 6186581
1595 6186582 6189699
1596 6189700 6191275
1597 6191276 6191998
1598 6191999 6193059
1599 6193060 6193684
1600 6193685 6194343
1601 6194344 6194975
1602 6194976 6195652
1603 6195653 6196311
1604 6196312 6196946
1605 6196947 6197551
1606 6197552 6198179
1607 6198180 6198870
1608 6198871 6199532
1609 6199533 6200203
1610 6200204 6200845
1611 6200846 6201482
1612 6201483 6202122
1613 6202123 6202762
1614 6202763 6203402
1615 6203403 6204039
1616 6204040 6204670
1617 6204671 6205312
1618 6205313 6205958
1619 6205959 6206616
1620 6206617 6207257
1621 6207258 6207885
1622 6207886 6208519
1623 6208520 6209206
1624 6209207 6209836
1625 6209837 6210209
1626 6210210 6210884
1627 6210885 6211544
1628 6211545 6212120
1629 6212121 6212763
1630 6212764 6213449
1631 6213450 6214088
1632 6214089 6214759
1633 6214760 6215415
1634 6215416 6216059
1635 6216060 6216723
1636 6216724 6217380
1637 6217381 6218047
1638 6218048 6218708
1639 6218709 6219348
1640 6219349 6219986
1641 6219987 6220611
1642 6220612 6221270
1643 6221271 6221902
1644 6221903 6222582
1645 6222583 6223219
1646 6223220 6223852
1647 6223853 6224410
1648 6224411 6225038
1649 6225039 6225696
1650 6225697 6226339
1651 6226340 6226967
1652 6226968 6227596
1653 6227597 6228272
1654 6228273 6228900
1655 6228901 6229534
1656 6229535 6230196
1657 6230197 6230828
1658 6230829 6231503
1659 6231504 6232174
1660 6232175 6232812
1661 6232813 6233370
1662 6233371 6233998
1663 6233999 6234294
1664 6234295 6234607
1665 6234608 6235265
1666 6235266 6235906
1667 6235907 6236196
1668 6236197 6236508
1669 6236509 6237176
1670 6237177 6237804
1671 6237805 6238440
1672 6238441 6239103
1673 6239104 6239788
1674 6239789 6240425
1675 6240426 6241068
1676 6241069 6241706
1677 6241707 6242348
1678 6242349 6242906
1679 6242907 6243568
1680 6243569 6244229
1681 6244230 6244869
1682 6244870 6245531
1683 6245532 6246189
1684 6246190 6246825
1685 6246826 6247458
1686 6247459 6248120
1687 6248121 6248769
1688 6248770 6249451
1689 6249452 6250113
1690 6250114 6250785
1691 6250786 6251434
1692 6251435 6252110
1693 6252111 6252774
1694 6252775 6253436
1695 6253437 6254100
1696 6254101 6254758
1697 6254759 6255396
1698 6255397 6256031
1699 6256032 6256655
1700 6256656 6257283
1701 6257284 6257914
1702 6257915 6258553
1703 6258554 6259200
1704 6259201 6259839
1705 6259840 6260501
1706 6260502 6261105
1707 6261106 6261765
1708 6261766 6262410
1709 6262411 6263037
1710 6263038 6263678
1711 6263679 6264340
1712 6264341 6264979
1713 6264980 6265620
1714 6265621 6266258
1715 6266259 6266896
1716 6266897 6267565
1717 6267566 6268212
1718 6268213 6268874
1719 6268875 6269544
1720 6269545 6270214
1721 6270215 6270842
1722 6270843 6271463
1723 6271464 6272095
1724 6272096 6272734
1725 6272735 6273381
1726 6273382 6274021
1727 6274022 6274664
1728 6274665 6275268
1729 6275269 6275930
1730 6275931 6276561
1731 6276562 6277203
1732 6277204 6277831
1733 6277832 6278493
1734 6278494 6279128
1735 6279129 6279773
1736 6279774 6280435
1737 6280436 6281057
1738 6281058 6281689
1739 6281690 6282329
1740 6282330 6282978
1741 6282979 6283619
1742 6283620 6284257
1743 6284258 6284863
1744 6284864 6285523
1745 6285524 6286167
1746 6286168 6286793
1747 6286794 6287455
1748 6287456 6288091
1749 6288092 6288736
1750 6288737 6289446
1751 6289447 6290093
1752 6290094 6290754
1753 6290755 6291377
1754 6291378 6291980
1755 6291981 6292619
1756 6292620 6293258
1757 6293259 6293883
1758 6293884 6294516
1759 6294517 6295156
1760 6295157 6295803
1761 6295804 6296443
1762 6296444 6297079
1763 6297080 6297722
1764 6297723 6298350
1765 6298351 6299011
1766 6299012 6299672
1767 6299673 6300305
1768 6300306 6300938
1769 6300939 6301587
1770 6301588 6302248
1771 6302249 6302871
1772 6302872 6303507
1773 6303508 6304147
1774 6304148 6304796
1775 6304797 6305436
1776 6305437 6306073
1777 6306074 6306676
1778 6306677 6307337
1779 6307338 6307980
1780 6307981 6308604
1781 6308605 6309265
1782 6309266 6309897
1783 6309898 6310538
1784 6310539 6311187
1785 6311188 6311848
1786 6311849 6312479
1787 6312480 6313102
1788 6313103 6313736
1789 6313737 6314376
1790 6314377 6315027
1791 6315028 6315668
1792 6315669 6316306
1793 6316307 6316967
1794 6316968 6317570
1795 6317571 6318265
1796 6318266 6318907
1797 6318908 6319535
1798 6319536 6320196
1799 6320197 6320880
1800 6320881 6321556
1801 6321557 6322189
1802 6322190 6322838
1803 6322839 6323498
1804 6323499 6324175
1805 6324176 6324827
1806 6324828 6325496
1807 6325497 6326160
1808 6326161 6326828
1809 6326829 6327484
1810 6327485 6328155
1811 6328156 6328820
1812 6328821 6329489
1813 6329490 6330156
1814 6330157 6330799
1815 6330800 6331438
1816 6331439 6332074
1817 6332075 6332699
1818 6332700 6333333
1819 6333334 6333968
1820 6333969 6334618
1821 6334619 6335258
1822 6335259 6335927
1823 6335928 6336530
1824 6336531 6337158
1825 6337159 6337818
1826 6337819 6338467
1827 6338468 6339110
1828 6339111 6339737
1829 6339738 6340401
1830 6340402 6341062
1831 6341063 6341692
1832 6341693 6342341
1833 6342342 6343002
1834 6343003 6343623
1835 6343624 6344256
1836 6344257 6344896
1837 6344897 6345549
1838 6345550 6346191
1839 6346192 6346835
1840 6346836 6347440
1841 6347441 6348101
1842 6348102 6348743
1843 6348744 6349369
1844 6349370 6350030
1845 6350031 6350659
1846 6350660 6351307
1847 6351308 6351968
1848 6351969 6352587
1849 6352588 6353191
1850 6353192 6353834
1851 6353835 6354476
1852 6354477 6355117
1853 6355118 6355740
1854 6355741 6356375
1855 6356376 6357015
1856 6357016 6357665
1857 6357666 6358305
1858 6358306 6358974
1859 6358975 6359636
1860 6359637 6360279
1861 6360280 6360905
1862 6360906 6361567
1863 6361568 6362259
1864 6362260 6362875
1865 6362876 6363516
1866 6363517 6364195
1867 6364196 6364830
1868 6364831 6365480
1869 6365481 6366142
1870 6366143 6366808
1871 6366809 6367471
1872 6367472 6368166
1873 6368167 6368841
1874 6368842 6369493
1875 6369494 6370147
1876 6370148 6370801
1877 6370802 6371467
1878 6371468 6372132
1879 6372133 6372826
1880 6372827 6373456
1881 6373457 6374092
1882 6374093 6374732
1883 6374733 6375354
1884 6375355 6375988
1885 6375989 6376628
1886 6376629 6377278
1887 6377279 6377916
1888 6377917 6378610
1889 6378611 6379215
1890 6379216 6379877
1891 6379878 6380521
1892 6380522 6381146
1893 6381147 6381808
1894 6381809 6382446
1895 6382447 6383092
1896 6383093 6383754
1897 6383755 6384411
1898 6384412 6385032
1899 6385033 6385667
1900 6385668 6386302
1901 6386303 6386949
1902 6386950 6387593
1903 6387594 6388249
1904 6388250 6388853
1905 6388854 6389515
1906 6389516 6390167
1907 6390168 6390809
1908 6390810 6391433
1909 6391434 6392095
1910 6392096 6392741
1911 6392742 6393404
1912 6393405 6394066
1913 6394067 6394671
1914 6394672 6395335
1915 6395336 6395997
1916 6395998 6396644
1917 6396645 6397267
1918 6397268 6397929
1919 6397930 6398571
1920 6398572 6399198
1921 6399199 6399827
1922 6399828 6400489
1923 6400490 6401129
1924 6401130 6401828
1925 6401829 6402472
1926 6402473 6403132
1927 6403133 6403806
1928 6403807 6404458
1929 6404459 6405101
1930 6405102 6405763
1931 6405764 6406429
1932 6406430 6407080
1933 6407081 6407744
1934 6407745 6408405
1935 6408406 6411114
1936 6411115 6411844
1937 6411845 6417810
1938 6417811 6421152
1939 6421153 6430111
1940 6430112 6434128
1941 6434129 6436185
1942 6436186 6439623
1943 6439624 6447225
1944 6447226 6449873
1945 6449874 6452618
1946 6452619 6462294
1947 6462295 6481575
1948 6481576 6484699
1949 6484700 6487460
1950 6487461 6492844
1951 6492845 6495113
1952 6495114 6499388
1953 6499389 6505938
1954 6505939 6506916
1955 6506917 6511813
1956 6511814 6520037
1957 6520038 6525400
1958 6525401 6532092
1959 6532093 6533030
1960 6533031 6536833
1961 6536834 6539798
1962 6539799 6543394
1963 6543395 6545952
1964 6545953 6549670
1965 6549671 6554374
1966 6554375 6564020
1967 6564021 6573669
1968 6573670 6585216
1969 6585217 6587385
1970 6587386 6592193
1971 6592194 6595227
1972 6595228 6596891
1973 6596892 6602693
1974 6602694 6604740
1975 6604741 6606681
1976 6606682 6615092
1977 6615093 6623903
1978 6623904 6626679
1979 6626680 6631178
1980 6631179 6634344
1981 6634345 6636294
1982 6636295 6646955
1983 6646956 6653255
1984 6653256 6658048
1985 6658049 6663372
1986 6663373 6664698
1987 6664699 6666572
1988 6666573 6670195
1989 6670196 6673917
1990 6673918 6676456
1991 6676457 6684156
1992 6684157 6691177
1993 6691178 6697683
1994 6697684 6706495
1995 6706496 6709666
1996 6709667 6712497
1997 6712498 6714361
1998 6714362 6721442
1999 6721443 6724875
2000 6724876 6727546
2001 6727547 6728718
2002 6728719 6740357
2003 6740358 6751218
2004 6751219 6761140
2005 6761141 6768097
2006 6768098 6776956
2007 6776957 6779231
2008 6779232 6779739
2009 6779740 6782528
2010 6782529 6783139
2011 6783140 6789532
2012 6789533 6793850
2013 6793851 6796190
2014 6796191 6805395
2015 6805396 6811936
2016 6811937 6813518
2017 6813519 6820952
2018 6820953 6823705
2019 6823706 6831409
2020 6831410 6835904
2021 6835905 6838864
2022 6838865 6845194
2023 6845195 6854468
2024 6854469 6857463
2025 6857464 6861869
2026 6861870 6865787
2027 6865788 6867521
2028 6867522 6874059
2029 6874060 6879554
2030 6879555 6884808
2031 6884809 6892858
2032 6892859 6894716
2033 6894717 6897556
2034 6897557 6899569
2035 6899570 6902702
2036 6902703 6909038
2037 6909039 6910027
2038 6910028 6916685
2039 6916686 6917628
2040 6917629 6918781
2041 6918782 6919586
2042 6919587 6925915
2043 6925916 6928776
2044 6928777 6933871
2045 6933872 6942958
2046 6942959 6950330
2047 6950331 6952161
2048 6952162 6957669
2049 6957670 6961274
2050 6961275 6962789
2051 6962790 6963445
2052 6963446 6966747
2053 6966748 6975914
2054 6975915 6978804
2055 6978805 6981038
2056 6981039 6986769
2057 6986770 6988075
2058 6988076 6992504
2059 6992505 6993211
2060 6993212 6995770
2061 6995771 6997313
2062 6997314 6998453
2063 6998454 7000985
2064 7000986 7005364
2065 7005365 7008307
2066 7008308 7013755
2067 7013756 7019637
2068 7019638 7024118
2069 7024119 7026890
2070 7026891 7028969
2071 7028970 7030044
2072 7030045 7030863
2073 7030864 7033518
2074 7033519 7039311
2075 7039312 7040270
2076 7040271 7042071
2077 7042072 7043799
2078 7043800 7051288
2079 7051289 7052506
2080 7052507 7054749
2081 7054750 7057197
2082 7057198 7058607
2083 7058608 7059180
2084 7059181 7064200
2085 7064201 7070338
2086 7070339 7081976
2087 7081977 7083199
2088 7083200 7085547
2089 7085548 7086582
2090 7086583 7087846
2091 7087847 7090046
2092 7090047 7092883
2093 7092884 7098086
2094 7098087 7100537
2095 7100538 7103576
2096 7103577 7123672
2097 7123673 7126525
2098 7126526 7128149
2099 7128150 7130412
2100 7130413 7132180
2101 7132181 7133657
2102 7133658 7141024
2103 7141025 7145643
2104 7145644 7158250
2105 7158251 7160659
2106 7160660 7162499
2107 7162500 7163950
2108 7163951 7167076
2109 7167077 7168465
2110 7168466 7172362
2111 7172363 7173471
2112 7173472 7174607
2113 7174608 7175949
2114 7175950 7178321
2115 7178322 7180286
2116 7180287 7182652
2117 7182653 7186132
2118 7186133 7187120
2119 7187121 7194438
2120 7194439 7199664
2121 7199665 7206250
2122 7206251 7210700
2123 7210701 7214415
2124 7214416 7217181
2125 7217182 7248120
2126 7248121 7252098
2127 7252099 7257351
2128 7257352 7260213
2129 7260214 7262182
2130 7262183 7266929
2131 7266930 7268171
2132 7268172 7270749
2133 7270750 7271234
2134 7271235 7274410
2135 7274411 7276534
2136 7276535 7286741
2137 7286742 7287881
2138 7287882 7289237
2139 7289238 7294420
2140 7294421 7296966
2141 7296967 7303634
2142 7303635 7311473
2143 7311474 7312904
2144 7312905 7314687
2145 7314688 7316946
2146 7316947 7320367
2147 7320368 7322264
2148 7322265 7324379
2149 7324380 7330441
2150 7330442 7332530
2151 7332531 7334000
2152 7334001 7335120
2153 7335121 7338311
2154 7338312 7344633
2155 7344634 7346604
2156 7346605 7349009
2157 7349010 7351631
2158 7351632 7354257
2159 7354258 7357873
2160 7357874 7359261
2161 7359262 7367770
2162 7367771 7371687
2163 7371688 7373154
2164 7373155 7383575
2165 7383576 7387688
2166 7387689 7394885
2167 7394886 7404902
2168 7404903 7408276
2169 7408277 7414785
2170 7414786 7419172
2171 7419173 7423847
2172 7423848 7426855
2173 7426856 7428178
2174 7428179 7431259
2175 7431260 7433227
2176 7433228 7434910
2177 7434911 7436639
2178 7436640 7440000
2179 7440001 7442076
2180 7442077 7444219
2181 7444220 7445216
2182 7445217 7447123
2183 7447124 7451094
2184 7451095 7453300
2185 7453301 7458706
2186 7458707 7460464
2187 7460465 7462368
2188 7462369 7464926
2189 7464927 7467134
2190 7467135 7469527
2191 7469528 7471727
2192 7471728 7473532
2193 7473533 7475929
2194 7475930 7481955
2195 7481956 7486923
2196 7486924 7488554
2197 7488555 7502243
2198 7502244 7507629
2199 7507630 7508619
2200 7508620 7523136
2201 7523137 7525004
2202 7525005 7526603
2203 7526604 7527686
2204 7527687 7529179
2205 7529180 7530951
2206 7530952 7537043
2207 7537044 7540037
2208 7540038 7543129
2209 7543130 7545529
2210 7545530 7547497
2211 7547498 7550353
2212 7550354 7555770
2213 7555771 7571156
2214 7571157 7578409
2215 7578410 7581770
2216 7581771 7585018
2217 7585019 7587572
2218 7587573 7590526
2219 7590527 7591880
2220 7591881 7594191
2221 7594192 7599478
2222 7599479 7601103
2223 7601104 7602411
2224 7602412 7604127
2225 7604128 7606123
2226 7606124 7608199
2227 7608200 7610816
2228 7610817 7612858
2229 7612859 7614367
2230 7614368 7615870
2231 7615871 7617278
2232 7617279 7619780
2233 7619781 7625462
2234 7625463 7628028
2235 7628029 7636612
2236 7636613 7644031
2237 7644032 7646462
2238 7646463 7647937
2239 7647938 7649594
2240 7649595 7652284
2241 7652285 7654880
2242 7654881 7657149
2243 7657150 7660229
2244 7660230 7662313
2245 7662314 7665315
2246 7665316 7672287
2247 7672288 7678663
2248 7678664 7685549
2249 7685550 7692320
2250 7692321 7696279
2251 7696280 7704409
2252 7704410 7712212
2253 7712213 7715345
2254 7715346 7717161
2255 7717162 7720153
2256 7720154 7721783
2257 7721784 7724823
2258 7724824 7728276
2259 7728277 7730145
2260 7730146 7731687
2261 7731688 7736475
2262 7736476 7738236
2263 7738237 7739771
2264 7739772 7742252
2265 7742253 7745882
2266 7745883 7747962
2267 7747963 7749435
2268 7749436 7752263
2269 7752264 7760095
2270 7760096 7763442
2271 7763443 7767076
2272 7767077 7775965
2273 7775966 7779713
2274 7779714 7782552
2275 7782553 7784768
2276 7784769 7788350
2277 7788351 7791859
2278 7791860 7793940
2279 7793941 7795554
2280 7795555 7797364
2281 7797365 7803740
2282 7803741 7806953
2283 7806954 7809204
2284 7809205 7811080
2285 7811081 7814512
2286 7814513 7820020
2287 7820021 7822041
2288 7822042 7826205
2289 7826206 7828935
2290 7828936 7832708
2291 7832709 7834464
2292 7834465 7836017
2293 7836018 7837573
2294 7837574 7839207
2295 7839208 7842869
2296 7842870 7845618
2297 7845619 7849594
2298 7849595 7851987
2299 7851988 7854394
2300 7854395 7856995
2301 7856996 7859381
2302 7859382 7861929
2303 7861930 7885176
2304 7885177 7888398
2305 7888399 7892020
2306 7892021 7898350
2307 7898351 7901451
2308 7901452 7904760
2309 7904761 7908182
2310 7908183 7913431
2311 7913432 7915055
2312 7915056 7917656
2313 7917657 7921085
2314 7921086 7923547
2315 7923548 7924637
2316 7924638 7927010
2317 7927011 7932101
2318 7932102 7936336
2319 7936337 7939362
2320 7939363 7943147
2321 7943148 7945796
2322 7945797 7951226
2323 7951227 7953763
2324 7953764 7957542
2325 7957543 7958651
2326 7958652 7963905
2327 7963906 7965351
2328 7965352 7966575
2329 7966576 7968629
2330 7968630 7976080
2331 7976081 7979419
2332 7979420 7981966
2333 7981967 7987112
2334 7987113 7994951
2335 7994952 8000284
2336 8000285 8011304
2337 8011305 8013149
2338 8013150 8020431
2339 8020432 8024134
2340 8024135 8032075
2341 8032076 8032566
2342 8032567 8037795
2343 8037796 8040305
2344 8040306 8043384
2345 8043385 8047278
2346 8047279 8048042
2347 8048043 8048928
2348 8048929 8054615
2349 8054616 8056114
2350 8056115 8058267
2351 8058268 8060900
2352 8060901 8064581
2353 8064582 8067866
2354 8067867 8069961
2355 8069962 8074803
2356 8074804 8084958
2357 8084959 8085558
2358 8085559 8088735
2359 8088736 8092203
2360 8092204 8097532
2361 8097533 8101310
2362 8101311 8107573
2363 8107574 8117444
2364 8117445 8119534
2365 8119535 8121180
2366 8121181 8124318
2367 8124319 8129913
2368 8129914 8133590
2369 8133591 8135587
2370 8135588 8139996
2371 8139997 8141375
2372 8141376 8150843
2373 8150844 8155434
2374 8155435 8158028
2375 8158029 8161616
2376 8161617 8163408
2377 8163409 8164906
2378 8164907 8166426
2379 8166427 8171157
2380 8171158 8174063
2381 8174064 8182637
2382 8182638 8190427
2383 8190428 8195748
2384 8195749 8198804
2385 8198805 8205943
2386 8205944 8207141
2387 8207142 8209957
2388 8209958 8212546
2389 8212547 8214503
2390 8214504 8216833
2391 8216834 8217372
2392 8217373 8223256
2393 8223257 8223786
2394 8223787 8225874
2395 8225875 8232512
2396 8232513 8238407
2397 8238408 8240940
2398 8240941 8244027
2399 8244028 8252981
2400 8252982 8256610
2401 8256611 8260516
2402 8260517 8263563
2403 8263564 8272526
2404 8272527 8276571
2405 8276572 8279963
2406 8279964 8283606
2407 8283607 8285075
2408 8285076 8289562
2409 8289563 8290597
2410 8290598 8292386
2411 8292387 8297995
2412 8297996 8300101
2413 8300102 8301910
2414 8301911 8317777
2415 8317778 8323723
2416 8323724 8325990
2417 8325991 8328621
2418 8328622 8334037
2419 8334038 8337972
2420 8337973 8351754
2421 8351755 8355593
2422 8355594 8357443
2423 8357444 8361075
2424 8361076 8367674
2425 8367675 8370636
2426 8370637 8371194
2427 8371195 8375897
2428 8375898 8380466
2429 8380467 8383189
2430 8383190 8387939
2431 8387940 8390110
2432 8390111 8390861
2433 8390862 8395871
2434 8395872 8402426
2435 8402427 8407152
2436 8407153 8411390
2437 8411391 8415008
2438 8415009 8418073
2439 8418074 8422189
2440 8422190 8430849
2441 8430850 8434900
2442 8434901 8442447
2443 8442448 8480890
2444 8480891 8486345
2445 8486346 8504232
2446 8504233 8509538
2447 8509539 8512322
2448 8512323 8522878
2449 8522879 8526676
2450 8526677 8531419
2451 8531420 8536842
2452 8536843 8541683
2453 8541684 8546944
2454 8546945 8553685
2455 8553686 8560185
2456 8560186 8564879
2457 8564880 8569044
2458 8569045 8578012
2459 8578013 8586432
2460 8586433 8591930
2461 8591931 8596217
2462 8596218 8603676
2463 8603677 8611596
2464 8611597 8617259
2465 8617260 8622632
2466 8622633 8627112
2467 8627113 8632087
2468 8632088 8636420
2469 8636421 8640793
2470 8640794 8646154
2471 8646155 8647426
2472 8647427 8651450
2473 8651451 8671337
2474 8671338 8675061
2475 8675062 8681409
2476 8681410 8686096
2477 8686097 8688913
2478 8688914 8692403
2479 8692404 8696326
2480 8696327 8699797
2481 8699798 8704083
2482 8704084 8716014
2483 8716015 8720273
2484 8720274 8728507
2485 8728508 8736385
2486 8736386 8744403
2487 8744404 8751728
2488 8751729 8753372
2489 8753373 8758639
2490 8758640 8775103
2491 8775104 8779726
2492 8779727 8789190
2493 8789191 8794514
2494 8794515 8798714
2495 8798715 8803509
2496 8803510 8807543
2497 8807544 8818061
2498 8818062 8823623
2499 8823624 8827739
2500 8827740 8830897
2501 8830898 8834652
2502 8834653 8838582
2503 8838583 8841904
2504 8841905 8845337
2505 8845338 8863783
2506 8863784 8868582
2507 8868583 8873961
2508 8873962 8877375
2509 8877376 8888865
2510 8888866 8896757
2511 8896758 8916311
2512 8916312 8921769
2513 8921770 8923014
2514 8923015 8925156
2515 8925157 8928014
2516 8928015 8931685
2517 8931686 8951054
2518 8951055 8970846
2519 8970847 8975213
2520 8975214 8979526
2521 8979527 8983063
2522 8983064 8995643
2523 8995644 9002443
2524 9002444 9028245
2525 9028246 9039488
2526 9039489 9046598
2527 9046599 9048164
2528 9048165 9054127
2529 9054128 9060494
2530 9060495 9084100
2531 9084101 9085682
2532 9085683 9088507
2533 9088508 9092843
2534 9092844 9098323
2535 9098324 9101359
2536 9101360 9104121
2537 9104122 9107882
2538 9107883 9110025
2539 9110026 9114052
2540 9114053 9127208
2541 9127209 9129742
2542 9129743 9131680
2543 9131681 9135322
2544 9135323 9139207
2545 9139208 9143102
2546 9143103 9145018
2547 9145019 9150476
2548 9150477 9157372
2549 9157373 9159900
2550 9159901 9164502
2551 9164503 9171490
2552 9171491 9173013
2553 9173014 9175473
2554 9175474 9178154
2555 9178155 9178956
2556 9178957 9184337
2557 9184338 9184614
2558 9184615 9185472
2559 9185473 9189069
2560 9189070 9194961
2561 9194962 9196219
2562 9196220 9197624
2563 9197625 9201331
2564 9201332 9205935
2565 9205936 9208342
2566 9208343 9210565
2567 9210566 9214362
2568 9214363 9218414
2569 9218415 9219340
2570 9219341 9222298
2571 9222299 9223458
2572 9223459 9225262
2573 9225263 9227285
2574 9227286 9230432
2575 9230433 9237596
2576 9237597 9246229
2577 9246230 9250216
2578 9250217 9254234
2579 9254235 9258882
2580 9258883 9262801
2581 9262802 9267453
2582 9267454 9268620
2583 9268621 9272846
2584 9272847 9275576
2585 9275577 9277302
2586 9277303 9278390
2587 9278391 9282452
2588 9282453 9286349
2589 9286350 9289260
2590 9289261 9290560
2591 9290561 9293747
2592 9293748 9301460
2593 9301461 9320555
2594 9320556 9322774
2595 9322775 9326580
2596 9326581 9328237
2597 9328238 9332509
2598 9332510 9337651
2599 9337652 9346527
2600 9346528 9349692
2601 9349693 9363084
2602 9363085 9366850
2603 9366851 9373246
2604 9373247 9381976
2605 9381977 9387765
2606 9387766 9389953
2607 9389954 9394949
2608 9394950 9396173
2609 9396174 9400059
2610 9400060 9406437
2611 9406438 9408111
2612 9408112 9411573
2613 9411574 9414401
2614 9414402 9420703
2615 9420704 9426120
2616 9426121 9427916
2617 9427917 9434690
2618 9434691 9438373
2619 9438374 9448829
2620 9448830 9455831
2621 9455832 9460416
2622 9460417 9463963
2623 9463964 9470437
2624 9470438 9480097
2625 9480098 9481711
2626 9481712 9484480
2627 9484481 9486891
2628 9486892 9491470
2629 9491471 9500205
2630 9500206 9501810
2631 9501811 9506641
2632 9506642 9508794
2633 9508795 9509809
2634 9509810 9515253
2635 9515254 9517237
2636 9517238 9518751
2637 9518752 9520620
2638 9520621 9521803
2639 9521804 9522993
2640 9522994 9529962
2641 9529963 9533731
2642 9533732 9534766
2643 9534767 9537251
2644 9537252 9539495
2645 9539496 9542730
2646 9542731 9545330
2647 9545331 9575385
2648 9575386 9576494
2649 9576495 9578253
2650 9578254 9583363
2651 9583364 9584626
2652 9584627 9586289
2653 9586290 9588033
2654 9588034 9590457
2655 9590458 9592148
2656 9592149 9593743
2657 9593744 9596393
2658 9596394 9599616
2659 9599617 9604285
2660 9604286 9606082
2661 9606083 9607050
2662 9607051 9608557
2663 9608558 9610624
2664 9610625 9612165
2665 9612166 9613978
2666 9613979 9615279
2667 9615280 9617199
2668 9617200 9618823
2669 9618824 9619696
2670 9619697 9622427
2671 9622428 9624315
2672 9624316 9630475
2673 9630476 9633212
2674 9633213 9634629
2675 9634630 9635848
2676 9635849 9638549
2677 9638550 9640019
2678 9640020 9642349
2679 9642350 9643830
2680 9643831 9645183
2681 9645184 9647388
2682 9647389 9648922
2683 9648923 9650651
2684 9650652 9655848
2685 9655849 9658450
2686 9658451 9664065
2687 9664066 9665754
2688 9665755 9667054
2689 9667055 9670032
2690 9670033 9671648
2691 9671649 9674452
2692 9674453 9675760
2693 9675761 9676635
2694 9676636 9678257
2695 9678258 9682267
2696 9682268 9685518
2697 9685519 9688519
2698 9688520 9691892
2699 9691893 9694619
2700 9694620 9696041
2701 9696042 9697426
2702 9697427 9698325
2703 9698326 9700505
2704 9700506 9702147
2705 9702148 9703252
2706 9703253 9706591
2707 9706592 9709807
2708 9709808 9713589
2709 9713590 9715353
2710 9715354 9720241
2711 9720242 9724120
2712 9724121 9725902
2713 9725903 9727702
2714 9727703 9728686
2715 9728687 9729971
2716 9729972 9730971
2717 9730972 9732142
2718 9732143 9737229
2719 9737230 9739525
2720 9739526 9741395
2721 9741396 9742539
2722 9742540 9743846
2723 9743847 9745099
2724 9745100 9749297
2725 9749298 9750818
2726 9750819 9753522
2727 9753523 9755678
2728 9755679 9756792
2729 9756793 9758641
2730 9758642 9763655
2731 9763656 9766008
2732 9766009 9766780
2733 9766781 9770022
2734 9770023 9770799
2735 9770800 9777028
2736 9777029 9783399
2737 9783400 9789148
2738 9789149 9799896
2739 9799897 9803702
2740 9803703 9805254
2741 9805255 9807391
2742 9807392 9816967
2743 9816968 9821291
2744 9821292 9827688
2745 9827689 9830724
2746 9830725 9836834
2747 9836835 9842925
2748 9842926 9844630
2749 9844631 9851108
2750 9851109 9854378
2751 9854379 9861092
2752 9861093 9870130
2753 9870131 9871535
2754 9871536 9874458
2755 9874459 9876215
2756 9876216 9879566
2757 9879567 9885543
2758 9885544 9892296
2759 9892297 9898563
2760 9898564 9904923
2761 9904924 9914627
2762 9914628 9924369
2763 9924370 9925539
2764 9925540 9926259
2765 9926260 9927419
2766 9927420 9931229
2767 9931230 9931898
2768 9931899 9937437
2769 9937438 9938829
2770 9938830 9941622
2771 9941623 9943952
2772 9943953 9949427
2773 9949428 9961658
2774 9961659 9964261
2775 9964262 9990210
2776 9990211 9993934
2777 9993935 9997970
2778 9997971 10010414
2779 10010415 10014787
2780 10014788 10018691
2781 10018692 10033356
2782 10033357 10045643
2783 10045644 10049332
2784 10049333 10050925
2785 10050926 10060022
2786 10060023 10061808
2787 10061809 10062511
2788 10062512 10065744
2789 10065745 10068595
2790 10068596 10074404
2791 10074405 10084027
2792 10084028 10088083
2793 10088084 10089195
2794 10089196 10090961
2795 10090962 10096463
2796 10096464 10101074
2797 10101075 10105624
2798 10105625 10110032
2799 10110033 10111897
2800 10111898 10116280
2801 10116281 10119956
2802 10119957 10126122
2803 10126123 10130327
2804 10130328 10131445
2805 10131446 10132192
2806 10132193 10141050
2807 10141051 10144999
2808 10145000 10151984
2809 10151985 10153498
2810 10153499 10155987
2811 10155988 10157087
2812 10157088 10158113
2813 10158114 10159130
2814 10159131 10164470
2815 10164471 10175470
2816 10175471 10176230
2817 10176231 10176909
2818 10176910 10180940
2819 10180941 10191035
2820 10191036 10192333
2821 10192334 10195457
2822 10195458 10196254
2823 10196255 10196818
2824 10196819 10197452
2825 10197453 10198453
2826 10198454 10199186
2827 10199187 10200952
2828 10200953 10213229
2829 10213230 10217570
2830 10217571 10228776
2831 10228777 10232401
2832 10232402 10233080
2833 10233081 10233750
2834 10233751 10234443
2835 10234444 10235117
2836 10235118 10235830
2837 10235831 10236521
2838 10236522 10237223
2839 10237224 10237871
2840 10237872 10238514
2841 10238515 10239180
2842 10239181 10239831
2843 10239832 10240560
2844 10240561 10241257
2845 10241258 10241931
2846 10241932 10242574
2847 10242575 10243260
2848 10243261 10243899
2849 10243900 10244570
2850 10244571 10245226
2851 10245227 10245870
2852 10245871 10246534
2853 10246535 10247191
2854 10247192 10247858
2855 10247859 10248519
2856 10248520 10249198
2857 10249199 10249911
2858 10249912 10250574
2859 10250575 10251270
2860 10251271 10251946
2861 10251947 10252618
2862 10252619 10253309
2863 10253310 10253982
2864 10253983 10254661
2865 10254662 10255372
2866 10255373 10256038
2867 10256039 10256737
2868 10256738 10257445
2869 10257446 10258130
2870 10258131 10258839
2871 10258840 10259509
2872 10259510 10260195
2873 10260196 10260913
2874 10260914 10261611
2875 10261612 10262285
2876 10262286 10262934
2877 10262935 10263616
2878 10263617 10264278
2879 10264279 10264950
2880 10264951 10265599
2881 10265600 10266275
2882 10266276 10266939
2883 10266940 10267601
2884 10267602 10268265
2885 10268266 10268923
2886 10268924 10269593
2887 10269594 10270305
2888 10270306 10270973
2889 10270974 10271671
2890 10271672 10272349
2891 10272350 10272992
2892 10272993 10273673
2893 10273674 10274347
2894 10274348 10275041
2895 10275042 10275717
2896 10275718 10276430
2897 10276431 10277078
2898 10277079 10277745
2899 10277746 10278444
2900 10278445 10279118
2901 10279119 10279799
2902 10279800 10280472
2903 10280473 10281148
2904 10281149 10281842
2905 10281843 10282555
2906 10282556 10283222
2907 10283223 10283919
2908 10283920 10284581
2909 10284582 10285306
2910 10285307 10285985
2911 10285986 10286639
2912 10286640 10287322
2913 10287323 10287988
2914 10287989 10288665
2915 10288666 10289330
2916 10289331 10289982
2917 10289983 10290647
2918 10290648 10291307
2919 10291308 10291984
2920 10291985 10292645
2921 10292646 10293360
2922 10293361 10294048
2923 10294049 10294717
2924 10294718 10295415
2925 10295416 10296081
2926 10296082 10296750
2927 10296751 10297424
2928 10297425 10298098
2929 10298099 10298770
2930 10298771 10299464
2931 10299465 10300139
2932 10300140 10300851
2933 10300852 10301519
2934 10301520 10302218
2935 10302219 10302925
2936 10302926 10303599
2937 10303600 10304249
2938 10304250 10304925
2939 10304926 10305599
2940 10305600 10306292
2941 10306293 10306973
2942 10306974 10307686
2943 10307687 10308354
2944 10308355 10309026
2945 10309027 10309692
2946 10309693 10310415
2947 10310416 10311113
2948 10311114 10311778
2949 10311779 10312455
2950 10312456 10313132
2951 10313133 10313784
2952 10313785 10314453
2953 10314454 10315117
2954 10315118 10315785
2955 10315786 10316441
2956 10316442 10317112
2957 10317113 10317777
2958 10317778 10318446
2959 10318447 10319113
2960 10319114 10319796
2961 10319797 10320509
2962 10320510 10321146
2963 10321147 10321841
2964 10321842 10322509
2965 10322510 10323207
2966 10323208 10323881
2967 10323882 10324590
2968 10324591 10325285
2969 10325286 10325963
2970 10325964 10326636
2971 10326637 10327346
2972 10327347 10328014
2973 10328015 10328738
2974 10328739 10329386
2975 10329387 10330043
2976 10330044 10330739
2977 10330740 10331416
2978 10331417 10332092
2979 10332093 10332776
2980 10332777 10333489
2981 10333490 10334164
2982 10334165 10334857
2983 10334858 10335562
2984 10335563 10336234
2985 10336235 10336916
2986 10336917 10337585
2987 10337586 10338305
2988 10338306 10339029
2989 10339030 10339701
2990 10339702 10340399
2991 10340400 10341068
2992 10341069 10341726
2993 10341727 10342388
2994 10342389 10343054
2995 10343055 10343717
2996 10343718 10344412
2997 10344413 10345087
2998 10345088 10345739
2999 10345740 10346393
3000 10346394 10347047
3001 10347048 10347713
3002 10347714 10348378
3003 10348379 10349072
3004 10349073 10349756
3005 10349757 10350461
3006 10350462 10351128
3007 10351129 10351836
3008 10351837 10352533
3009 10352534 10353204
3010 10353205 10353900
3011 10353901 10354588
3012 10354589 10355288
3013 10355289 10355972
3014 10355973 10356655
3015 10356656 10357363
3016 10357364 10358027
3017 10358028 10358724
3018 10358725 10359404
3019 10359405 10360112
3020 10360113 10360828
3021 10360829 10361497
3022 10361498 10362171
3023 10362172 10362868
3024 10362869 10363528
3025 10363529 10364195
3026 10364196 10364857
3027 10364858 10365518
3028 10365519 10366221
3029 10366222 10366881
3030 10366882 10367555
3031 10367556 10368207
3032 10368208 10368850
3033 10368851 10369512
3034 10369513 10370178
3035 10370179 10370829
3036 10370830 10371493
3037 10371494 10372154
3038 10372155 10372833
3039 10372834 10373492
3040 10373493 10374160
3041 10374161 10374864
3042 10374865 10375573
3043 10375574 10376297
3044 10376298 10376995
3045 10376996 10377659
3046 10377660 10378333
3047 10378334 10379028
3048 10379029 10379686
3049 10379687 10380383
3050 10380384 10381037
3051 10381038 10381707
3052 10381708 10382389
3053 10382390 10383056
3054 10383057 10383736
3055 10383737 10384440
3056 10384441 10385104
3057 10385105 10385761
3058 10385762 10386458
3059 10386459 10387125
3060 10387126 10387806
3061 10387807 10388465
3062 10388466 10389169
3063 10389170 10389837
3064 10389838 10390522
3065 10390523 10391192
3066 10391193 10391872
3067 10391873 10392590
3068 10392591 10393303
3069 10393304 10394027
3070 10394028 10394693
3071 10394694 10395431
3072 10395432 10396126
3073 10396127 10396790
3074 10396791 10397459
3075 10397460 10398117
3076 10398118 10398806
3077 10398807 10399454
3078 10399455 10400108
3079 10400109 10400785
3080 10400786 10401442
3081 10401443 10402117
3082 10402118 10402779
3083 10402780 10403468
3084 10403469 10404121
3085 10404122 10404824
3086 10404825 10405511
3087 10405512 10406177
3088 10406178 10406873
3089 10406874 10407535
3090 10407536 10408203
3091 10408204 10408906
3092 10408907 10409596
3093 10409597 10410264
3094 10410265 10410933
3095 10410934 10411614
3096 10411615 10412279
3097 10412280 10412975
3098 10412976 10413675
3099 10413676 10414337
3100 10414338 10414991
3101 10414992 10415697
3102 10415698 10416370
3103 10416371 10417036
3104 10417037 10417727
3105 10417728 10418408
3106 10418409 10419067
3107 10419068 10419764
3108 10419765 10420500
3109 10420501 10421196
3110 10421197 10421864
3111 10421865 10422579
3112 10422580 10423293
3113 10423294 10424000
3114 10424001 10424723
3115 10424724 10425449
3116 10425450 10426149
3117 10426150 10426844
3118 10426845 10427540
3119 10427541 10428253
3120 10428254 10428951
3121 10428952 10429634
3122 10429635 10430340
3123 10430341 10430988
3124 10430989 10431647
3125 10431648 10432343
3126 10432344 10433012
3127 10433013 10433718
3128 10433719 10434387
3129 10434388 10435078
3130 10435079 10435748
3131 10435749 10436426
3132 10436427 10437083
3133 10437084 10437781
3134 10437782 10438464
3135 10438465 10439107
3136 10439108 10439814
3137 10439815 10440487
3138 10440488 10441159
3139 10441160 10441855
3140 10441856 10442533
3141 10442534 10443242
3142 10443243 10443902
3143 10443903 10444647
3144 10444648 10445391
3145 10445392 10446126
3146 10446127 10446822
3147 10446823 10447502
3148 10447503 10448149
3149 10448150 10448805
3150 10448806 10449465
3151 10449466 10450132
3152 10450133 10450773
3153 10450774 10451460
3154 10451461 10452095
3155 10452096 10452740
3156 10452741 10453409
3157 10453410 10454057
3158 10454058 10454741
3159 10454742 10455449
3160 10455450 10456108
3161 10456109 10456804
3162 10456805 10457023
3163 10457024 10457705
3164 10457706 10458405
3165 10458406 10459111
3166 10459112 10459800
3167 10459801 10460472
3168 10460473 10461168
3169 10461169 10461841
3170 10461842 10462524
3171 10462525 10463183
3172 10463184 10463870
3173 10463871 10464568
3174 10464569 10465275
3175 10465276 10465934
3176 10465935 10466628
3177 10466629 10467324
3178 10467325 10467985
3179 10467986 10468711
3180 10468712 10469403
3181 10469404 10470051
3182 10470052 10470724
3183 10470725 10471386
3184 10471387 10472046
3185 10472047 10472703
3186 10472704 10473338
3187 10473339 10473996
3188 10473997 10474648
3189 10474649 10475306
3190 10475307 10475967
3191 10475968 10476623
3192 10476624 10477290
3193 10477291 10477995
3194 10477996 10478664
3195 10478665 10479358
3196 10479359 10480007
3197 10480008 10480684
3198 10480685 10481347
3199 10481348 10482074
3200 10482075 10482779
3201 10482780 10483477
3202 10483478 10484181
3203 10484182 10484850
3204 10484851 10485521
3205 10485522 10486184
3206 10486185 10486869
3207 10486870 10487526
3208 10487527 10488197
3209 10488198 10488866
3210 10488867 10489563
3211 10489564 10490229
3212 10490230 10490918
3213 10490919 10491625
3214 10491626 10492329
3215 10492330 10493011
3216 10493012 10493685
3217 10493686 10494368
3218 10494369 10495037
3219 10495038 10495734
3220 10495735 10496405
3221 10496406 10497084
3222 10497085 10497748
3223 10497749 10498404
3224 10498405 10499055
3225 10499056 10499715
3226 10499716 10500359
3227 10500360 10501019
3228 10501020 10501696
3229 10501697 10502356
3230 10502357 10503012
3231 10503013 10503717
3232 10503718 10504403
3233 10504404 10505071
3234 10505072 10505775
3235 10505776 10506471
3236 10506472 10507141
3237 10507142 10507847
3238 10507848 10508520
3239 10508521 10509194
3240 10509195 10509895
3241 10509896 10510581
3242 10510582 10511249
3243 10511250 10511945
3244 10511946 10512638
3245 10512639 10513307
3246 10513308 10514037
3247 10514038 10514720
3248 10514721 10515415
3249 10515416 10516065
3250 10516066 10516720
3251 10516721 10517367
3252 10517368 10518074
3253 10518075 10518775
3254 10518776 10519451
3255 10519452 10520127
3256 10520128 10520812
3257 10520813 10521480
3258 10521481 10522177
3259 10522178 10522851
3260 10522852 10523508
3261 10523509 10524171
3262 10524172 10524829
3263 10524830 10525479
3264 10525480 10526143
3265 10526144 10526796
3266 10526797 10527469
3267 10527470 10528107
3268 10528108 10528758
3269 10528759 10529424
3270 10529425 10530086
3271 10530087 10530793
3272 10530794 10531480
3273 10531481 10532172
3274 10532173 10532833
3275 10532834 10533508
3276 10533509 10534205
3277 10534206 10534859
3278 10534860 10535527
3279 10535528 10536196
3280 10536197 10536843
3281 10536844 10537494
3282 10537495 10538201
3283 10538202 10538871
3284 10538872 10539572
3285 10539573 10540240
3286 10540241 10540923
3287 10540924 10541584
3288 10541585 10542225
3289 10542226 10542922
3290 10542923 10543590
3291 10543591 10544297
3292 10544298 10544994
3293 10544995 10545663
3294 10545664 10546363
3295 10546364 10547032
3296 10547033 10547709
3297 10547710 10548370
3298 10548371 10549067
3299 10549068 10549716
3300 10549717 10550373
3301 10550374 10551049
3302 10551050 10551728
3303 10551729 10552380
3304 10552381 10553030
3305 10553031 10553731
3306 10553732 10554409
3307 10554410 10555060
3308 10555061 10555709
3309 10555710 10556416
3310 10556417 10557057
3311 10557058 10557740
3312 10557741 10558460
3313 10558461 10559139
3314 10559140 10559786
3315 10559787 10560440
3316 10560441 10561089
3317 10561090 10561748
3318 10561749 10562385
3319 10562386 10563046
3320 10563047 10563690
3321 10563691 10564333
3322 10564334 10565003
3323 10565004 10565655
3324 10565656 10566351
3325 10566352 10567019
3326 10567020 10567725
3327 10567726 10568360
3328 10568361 10569038
3329 10569039 10569702
3330 10569703 10571303
3331 10571304 10574396
3332 10574397 10575526
3333 10575527 10576127
3334 10576128 10577708
3335 10577709 10579366
3336 10579367 10580939
3337 10580940 10589777
3338 10589778 10597559
3339 10597560 10602000
3340 10602001 10604945
3341 10604946 10605561
3342 10605562 10613265
3343 10613266 10617332
3344 10617333 10629802
3345 10629803 10634702
3346 10634703 10637250
3347 10637251 10641174
3348 10641175 10657033
3349 10657034 10663340
3350 10663341 10665985
3351 10665986 10666302
3352 10666303 10668675
3353 10668676 10672555
3354 10672556 10675371
3355 10675372 10688936
3356 10688937 10696866
3357 10696867 10698800
3358 10698801 10701605
3359 10701606 10703561
3360 10703562 10705435
3361 10705436 10708898
3362 10708899 10711139
3363 10711140 10714219
3364 10714220 10716235
3365 10716236 10718089
3366 10718090 10720305
3367 10720306 10723234
3368 10723235 10726089
3369 10726090 10728044
3370 10728045 10730284
3371 10730285 10732499
3372 10732500 10734352
3373 10734353 10736367
3374 10736368 10738993
3375 10738994 10742336
3376 10742337 10744529
3377 10744530 10746465
3378 10746466 10748264
3379 10748265 10750375
3380 10750376 10754901
3381 10754902 10758823
3382 10758824 10762645
3383 10762646 10765676
3384 10765677 10768153
3385 10768154 10770745
3386 10770746 10773102
3387 10773103 10775500
3388 10775501 10780026
3389 10780027 10780358
3390 10780359 10786245
3391 10786246 10790167
3392 10790168 10793989
3393 10793990 10803947
3394 10803948 10806759
3395 10806760 10807705
3396 10807706 10812154
3397 10812155 10819350
3398 10819351 10819667
3399 10819668 10822890
3400 10822891 10825586
3401 10825587 10827990
3402 10827991 10830613
3403 10830614 10834206
3404 10834207 10838582
3405 10838583 10841217
3406 10841218 10846233
3407 10846234 10849007
3408 10849008 10857241
3409 10857242 10860016
3410 10860017 10866308
3411 10866309 10868779
3412 10868780 10870023
3413 10870024 10887862
3414 10887863 10897760
3415 10897761 10900745
3416 10900746 10904011
3417 10904012 10909923
3418 10909924 10913428
3419 10913429 10915392
3420 10915393 10918496
3421 10918497 10923015
3422 10923016 10927415
3423 10927416 10931157
3424 10931158 10934171
3425 10934172 10958733
3426 10958734 10970052
3427 10970053 10986363
3428 10986364 11017083
3429 11017084 11020885
3430 11020886 11022868
3431 11022869 11026000
3432 11026001 11028467
3433 11028468 11036270
3434 11036271 11038950
3435 11038951 11040981
3436 11040982 11047215
3437 11047216 11051477
3438 11051478 11055859
3439 11055860 11059710
3440 11059711 11066614
3441 11066615 11070235
3442 11070236 11073536
3443 11073537 11078177
3444 11078178 11083458
3445 11083459 11087918
3446 11087919 11091354
3447 11091355 11095492
3448 11095493 11096648
3449 11096649 11104612
3450 11104613 11109200
3451 11109201 11113606
3452 11113607 11117997
3453 11117998 11122100
3454 11122101 11127679
3455 11127680 11135490
3456 11135491 11137851
3457 11137852 11139995
3458 11139996 11142962
3459 11142963 11145923
3460 11145924 11150554
3461 11150555 11156000
3462 11156001 11159185
3463 11159186 11163290
3464 11163291 11168761
3465 11168762 11173460
3466 11173461 11178593
3467 11178594 11181100
3468 11181101 11183843
3469 11183844 11186826
3470 11186827 11195103
3471 11195104 11196348
3472 11196349 11197133
3473 11197134 11201298
3474 11201299 11204659
3475 11204660 11206220
3476 11206221 11216186
3477 11216187 11219269
3478 11219270 11228039
3479 11228040 11231989
3480 11231990 11237251
3481 11237252 11242200
3482 11242201 11250801
3483 11250802 11255615
3484 11255616 11259552
3485 11259553 11260088
3486 11260089 11264785
3487 11264786 11269194
3488 11269195 11273023
3489 11273024 11278865
3490 11278866 11286099
3491 11286100 11292583
3492 11292584 11295173
3493 11295174 11298550
3494 11298551 11299532
3495 11299533 11322458
3496 11322459 11341048
3497 11341049 11343646
3498 11343647 11352138
3499 11352139 11353801
3500 11353802 11356212
3501 11356213 11363361
3502 11363362 11366715
3503 11366716 11377738
3504 11377739 11380628
3505 11380629 11384156
3506 11384157 11387393
3507 11387394 11392246
3508 11392247 11399528
3509 11399529 11406446
3510 11406447 11412653
3511 11412654 11413742
3512 11413743 11416544
3513 11416545 11420007
3514 11420008 11421070
3515 11421071 11423518
3516 11423519 11425088
3517 11425089 11431445
3518 11431446 11445085
3519 11445086 11447197
3520 11447198 11460163
3521 11460164 11466648
3522 11466649 11469539
3523 11469540 11474586
3524 11474587 11476566
3525 11476567 11485628
3526 11485629 11492205
3527 11492206 11494700
3528 11494701 11501137
3529 11501138 11503830
3530 11503831 11506592
3531 11506593 11508526
3532 11508527 11510978
3533 11510979 11518156
3534 11518157 11519726
3535 11519727 11520881
3536 11520882 11522036
3537 11522037 11523189
3538 11523190 11524344
3539 11524345 11525499
3540 11525500 11526654
3541 11526655 11527809
3542 11527810 11528964
3543 11528965 11530119
3544 11530120 11530923
3545 11530924 11532059
3546 11532060 11540155
3547 11540156 11545717
3548 11545718 11547053
3549 11547054 11549073
3550 11549074 11553844
3551 11553845 11560645
3552 11560646 11568847
3553 11568848 11572779
3554 11572780 11578286
3555 11578287 11579544
3556 11579545 11588416
3557 11588417 11594449
3558 11594450 11596525
3559 11596526 11600996
3560 11600997 11602952
3561 11602953 11612260
3562 11612261 11614676
3563 11614677 11615960
3564 11615961 11618897
3565 11618898 11621068
3566 11621069 11624096
3567 11624097 11625027
3568 11625028 11628812
3569 11628813 11631422
3570 11631423 11632950
3571 11632951 11636373
3572 11636374 11638043
3573 11638044 11644431
3574 11644432 11646913
3575 11646914 11649082
3576 11649083 11654170
3577 11654171 11662754
3578 11662755 11667960
3579 11667961 11669053
3580 11669054 11670358
3581 11670359 11671826
3582 11671827 11674308
3583 11674309 11676686
3584 11676687 11678522
3585 11678523 11682041
3586 11682042 11684477
3587 11684478 11688420
3588 11688421 11692191
3589 11692192 11692644
3590 11692645 11706041
3591 11706042 11715661
3592 11715662 11718139
3593 11718140 11720239
3594 11720240 11722687
3595 11722688 11725359
3596 11725360 11731758
3597 11731759 11739772
3598 11739773 11745018
3599 11745019 11750982
3600 11750983 11755558
3601 11755559 11758070
3602 11758071 11760570
3603 11760571 11768001
3604 11768002 11776529
3605 11776530 11781951
3606 11781952 11782581
3607 11782582 11785393
3608 11785394 11788656
3609 11788657 11789795
3610 11789796 11791589
3611 11791590 11793526
3612 11793527 11794172
3613 11794173 11794666
3614 11794667 11795281
3615 11795282 11797870
3616 11797871 11800401
3617 11800402 11802335
3618 11802336 11808121
3619 11808122 11810170
3620 11810171 11814007
3621 11814008 11822158
3622 11822159 11826363
3623 11826364 11828763
3624 11828764 11830353
3625 11830354 11833378
3626 11833379 11835170
3627 11835171 11843494
3628 11843495 11845206
3629 11845207 11846520
3630 11846521 11852056
3631 11852057 11853315
3632 11853316 11855290
3633 11855291 11857973
3634 11857974 11860412
3635 11860413 11861647
3636 11861648 11862805
3637 11862806 11869644
3638 11869645 11872832
3639 11872833 11875447
3640 11875448 11880710
3641 11880711 11882646
3642 11882647 11885237
3643 11885238 11890033
3644 11890034 11894782
3645 11894783 11899290
3646 11899291 11902393
3647 11902394 11910109
3648 11910110 11915941
3649 11915942 11919491
3650 11919492 11922856
3651 11922857 11925243
3652 11925244 11928759
3653 11928760 11930955
3654 11930956 11933016
3655 11933017 11942226
3656 11942227 11947657
3657 11947658 11955178
3658 11955179 11960621
3659 11960622 11965502
3660 11965503 11973777
3661 11973778 11985737
3662 11985738 11992091
3663 11992092 11993547
3664 11993548 11995428
3665 11995429 11996426
3666 11996427 12001748
3667 12001749 12004724
3668 12004725 12005418
3669 12005419 12009632
3670 12009633 12010471
3671 12010472 12013643
3672 12013644 12014400
3673 12014401 12015344
3674 12015345 12019596
3675 12019597 12023290
3676 12023291 12024589
3677 12024590 12026420
3678 12026421 12027592
3679 12027593 12029252
3680 12029253 12030154
3681 12030155 12032675
3682 12032676 12037082
3683 12037083 12041785
3684 12041786 12042918
3685 12042919 12045183
3686 12045184 12046160
3687 12046161 12048155
3688 12048156 12049071
3689 12049072 12050287
3690 12050288 12051793
3691 12051794 12052370
3692 12052371 12056358
3693 12056359 12057829
3694 12057830 12062663
3695 12062664 12065168
3696 12065169 12067257
3697 12067258 12069768
3698 12069769 12072030
3699 12072031 12075537
3700 12075538 12077232
3701 12077233 12078377
3702 12078378 12081006
3703 12081007 12083054
3704 12083055 12084972
3705 12084973 12089283
3706 12089284 12103902
3707 12103903 12106047
3708 12106048 12112655
3709 12112656 12126404
3710 12126405 12135484
3711 12135485 12139210
3712 12139211 12143835
3713 12143836 12147495
3714 12147496 12153187
3715 12153188 12154898
3716 12154899 12164014
3717 12164015 12168021
3718 12168022 12169933
3719 12169934 12179717
3720 12179718 12186224
3721 12186225 12188697
3722 12188698 12193246
3723 12193247 12200817
3724 12200818 12202923
3725 12202924 12206646
3726 12206647 12210979
3727 12210980 12212085
3728 12212086 12214319
3729 12214320 12219435
3730 12219436 12229242
3731 12229243 12230910
3732 12230911 12231667
3733 12231668 12232409
3734 12232410 12235345
3735 12235346 12237231
3736 12237232 12239558
3737 12239559 12242751
3738 12242752 12245659
3739 12245660 12248630
3740 12248631 12251653
3741 12251654 12254095
3742 12254096 12256580
3743 12256581 12259134
3744 12259135 12260003
3745 12260004 12261614
3746 12261615 12267460
3747 12267461 12270042
3748 12270043 12271345
3749 12271346 12273405
3750 12273406 12275000
3751 12275001 12277905
3752 12277906 12283723
3753 12283724 12284922
3754 12284923 12287760
3755 12287761 12289608
3756 12289609 12290849
3757 12290850 12291974
3758 12291975 12293756
3759 12293757 12299751
3760 12299752 12301568
3761 12301569 12305012
3762 12305013 12306610
3763 12306611 12307238
3764 12307239 12309958
3765 12309959 12310861
3766 12310862 12316631
3767 12316632 12321852
3768 12321853 12323469
3769 12323470 12324237
3770 12324238 12325034
3771 12325035 12327535
3772 12327536 12333351
3773 12333352 12337100
3774 12337101 12340819
3775 12340820 12344496
3776 12344497 12348268
3777 12348269 12352094
3778 12352095 12355948
3779 12355949 12360006
3780 12360007 12363881
3781 12363882 12367681
3782 12367682 12371505
3783 12371506 12375347
3784 12375348 12379108
3785 12379109 12382908
3786 12382909 12386726
3787 12386727 12390534
3788 12390535 12394389
3789 12394390 12398089
3790 12398090 12398727
3791 12398728 12404556
3792 12404557 12405256
3793 12405257 12408076
3794 12408077 12410947
3795 12410948 12412043
3796 12412044 12413322
3797 12413323 12420918
3798 12420919 12422406
3799 12422407 12424718
3800 12424719 12426824
3801 12426825 12428297
3802 12428298 12429282
3803 12429283 12431000
3804 12431001 12433638
3805 12433639 12435563
3806 12435564 12452619
3807 12452620 12454181
3808 12454182 12459044
3809 12459045 12461168
3810 12461169 12464003
3811 12464004 12470278
3812 12470279 12470827
3813 12470828 12474876
3814 12474877 12476927
3815 12476928 12478155
3816 12478156 12482823
3817 12482824 12483692
3818 12483693 12485825
3819 12485826 12487736
3820 12487737 12491928
3821 12491929 12496633
3822 12496634 12505860
3823 12505861 12510004
3824 12510005 12512726
3825 12512727 12513586
3826 12513587 12514411
3827 12514412 12515323
3828 12515324 12516379
3829 12516380 12523793
3830 12523794 12525100
3831 12525101 12526185
3832 12526186 12535272
3833 12535273 12546536
3834 12546537 12555773
3835 12555774 12571777
3836 12571778 12580504
3837 12580505 12588923
3838 12588924 12596259
3839 12596260 12607554
3840 12607555 12627068
3841 12627069 12640632
3842 12640633 12646124
3843 12646125 12646624
3844 12646625 12647458
3845 12647459 12650662
3846 12650663 12658012
3847 12658013 12658559
3848 12658560 12660104
3849 12660105 12663571
3850 12663572 12665676
3851 12665677 12674847
3852 12674848 12682878
3853 12682879 12691452
3854 12691453 12696151
3855 12696152 12698848
3856 12698849 12702939
3857 12702940 12708027
3858 12708028 12715181
3859 12715182 12718596
3860 12718597 12721438
3861 12721439 12722119
3862 12722120 12723179
3863 12723180 12724827
3864 12724828 12731513
3865 12731514 12732869
3866 12732870 12744320
3867 12744321 12750676
3868 12750677 12755117
3869 12755118 12780931
3870 12780932 12784689
3871 12784690 12789840
3872 12789841 12798254
3873 12798255 12808035
3874 12808036 12812676
3875 12812677 12819055
3876 12819056 12828662
3877 12828663 12841517
3878 12841518 12846217
3879 12846218 12857179
3880 12857180 12863461
3881 12863462 12868580
3882 12868581 12870345
3883 12870346 12874169
3884 12874170 12878944
3885 12878945 12882662
3886 12882663 12893388
3887 12893389 12903312
3888 12903313 12910170
3889 12910171 12916289
3890 12916290 12922886
3891 12922887 12928701
3892 12928702 12932809
3893 12932810 12936726
3894 12936727 12940239
3895 12940240 12944091
3896 12944092 12947433
3897 12947434 12959717
3898 12959718 12972570
3899 12972571 12976809
3900 12976810 12979680
3901 12979681 12985262
3902 12985263 13001178
3903 13001179 13005481
3904 13005482 13006208
3905 13006209 13007420
3906 13007421 13011840
3907 13011841 13016234
3908 13016235 13018333
3909 13018334 13031381
3910 13031382 13038098
3911 13038099 13046942
3912 13046943 13054699
3913 13054700 13065407
3914 13065408 13072422
3915 13072423 13081380
3916 13081381 13083732
3917 13083733 13091906
3918 13091907 13100212
3919 13100213 13104119
3920 13104120 13109886
3921 13109887 13120162
3922 13120163 13122719
3923 13122720 13136473
3924 13136474 13141170
3925 13141171 13141709
3926 13141710 13143252
3927 13143253 13146350
3928 13146351 13154846
3929 13154847 13159080
3930 13159081 13162309
3931 13162310 13175175
3932 13175176 13179750
3933 13179751 13182130
3934 13182131 13184566
3935 13184567 13185235
3936 13185236 13186606
3937 13186607 13196695
3938 13196696 13218465
3939 13218466 13219345
3940 13219346 13222868
3941 13222869 13226712
3942 13226713 13228143
3943 13228144 13229219
3944 13229220 13234969
3945 13234970 13236190
3946 13236191 13237085
3947 13237086 13247915
3948 13247916 13249280
3949 13249281 13266994
3950 13266995 13276476
3951 13276477 13279329
3952 13279330 13283309
3953 13283310 13284638
3954 13284639 13289245
3955 13289246 13295210
3956 13295211 13296266
3957 13296267 13297092
3958 13297093 13299402
3959 13299403 13307558
3960 13307559 13310821
3961 13310822 13312659
3962 13312660 13313191
3963 13313192 13314736
3964 13314737 13317020
3965 13317021 13320837
3966 13320838 13326767
3967 13326768 13328094
3968 13328095 13331271
3969 13331272 13332507
3970 13332508 13333817
3971 13333818 13334917
3972 13334918 13340462
3973 13340463 13341389
3974 13341390 13345761
3975 13345762 13346106
3976 13346107 13354989
3977 13354990 13358588
3978 13358589 13360190
3979 13360191 13361525
3980 13361526 13367920
3981 13367921 13371968
3982 13371969 13373190
3983 13373191 13376141
3984 13376142 13378806
3985 13378807 13380593
3986 13380594 13384705
3987 13384706 13397529
3988 13397530 13399000
3989 13399001 13403037
3990 13403038 13406613
3991 13406614 13407974
3992 13407975 13409058
3993 13409059 13413025
3994 13413026 13419899
3995 13419900 13432837
3996 13432838 13434428
3997 13434429 13435953
3998 13435954 13437413
3999 13437414 13439851
4000 13439852 13442016
4001 13442017 13443759
4002 13443760 13445519
4003 13445520 13446670
4004 13446671 13448302
4005 13448303 13449102
4006 13449103 13456130
4007 13456131 13464265
4008 13464266 13465738
4009 13465739 13466817
4010 13466818 13471492
4011 13471493 13473910
4012 13473911 13475071
4013 13475072 13481512
4014 13481513 13483289
4015 13483290 13490847
4016 13490848 13493019
4017 13493020 13499402
4018 13499403 13503401
4019 13503402 13504788
4020 13504789 13513127
4021 13513128 13520024
4022 13520025 13529558
4023 13529559 13533205
4024 13533206 13535436
4025 13535437 13538821
4026 13538822 13543554
4027 13543555 13545240
4028 13545241 13548391
4029 13548392 13553575
4030 13553576 13559148
4031 13559149 13563857
4032 13563858 13569403
4033 13569404 13571291
4034 13571292 13575165
4035 13575166 13581255
4036 13581256 13583728
4037 13583729 13588173
4038 13588174 13589155
4039 13589156 13589954
4040 13589955 13594135
4041 13594136 13596815
4042 13596816 13599784
4043 13599785 13601045
4044 13601046 13602999
4045 13603000 13605326
4046 13605327 13608067
4047 13608068 13610382
4048 13610383 13611684
4049 13611685 13616394
4050 13616395 13620985
4051 13620986 13624573
4052 13624574 13627714
4053 13627715 13631829
4054 13631830 13636343
4055 13636344 13639127
4056 13639128 13642959
4057 13642960 13645278
4058 13645279 13647022
4059 13647023 13649330
4060 13649331 13669827
4061 13669828 13673148
4062 13673149 13677235
4063 13677236 13679163
4064 13679164 13687900
4065 13687901 13690587
4066 13690588 13695911
4067 13695912 13701267
4068 13701268 13704963
4069 13704964 13709140
4070 13709141 13715081
4071 13715082 13718119
4072 13718120 13723590
4073 13723591 13725337
4074 13725338 13727967
4075 13727968 13733008
4076 13733009 13737806
4077 13737807 13741127
4078 13741128 13746556
4079 13746557 13752056
4080 13752057 13756337
4081 13756338 13758884
4082 13758885 13763299
4083 13763300 13770704
4084 13770705 13775438
4085 13775439 13776349
4086 13776350 13777151
4087 13777152 13779394
4088 13779395 13781182
4089 13781183 13782122
4090 13782123 13783970
4091 13783971 13796114
4092 13796115 13800558
4093 13800559 13802448
4094 13802449 13809345
4095 13809346 13819335
4096 13819336 13820460
4097 13820461 13830412
4098 13830413 13833801
4099 13833802 13835212
4100 13835213 13838737
4101 13838738 13844112
4102 13844113 13848781
4103 13848782 13854331
4104 13854332 13857796
4105 13857797 13859540
4106 13859541 13860324
4107 13860325 13862912
4108 13862913 13866861
4109 13866862 13870398
4110 13870399 13875576
4111 13875577 13880841
4112 13880842 13882164
4113 13882165 13891546
4114 13891547 13894841
4115 13894842 13895444
4116 13895445 13897000
4117 13897001 13900322
4118 13900323 13902212
4119 13902213 13905497
4120 13905498 13910616
4121 13910617 13912750
4122 13912751 13918590
4123 13918591 13920900
4124 13920901 13925125
4125 13925126 13930051
