1 0 1488
2 1489 3273
3 4763 1212
4 5976 1788
5 7765 4527
6 12293 1085
7 13379 4232
8 17612 1835
9 19448 2157
10 21606 4968
11 26575 2594
12 29170 2612
13 31783 372
14 32156 1538
15 33695 1511
16 35207 2200
17 37408 1504
18 38913 1092
19 40006 2678
20 42685 1020
21 43706 340
22 44047 4588
23 48636 1295
24 49932 904
25 50837 3929
26 54767 1351
27 56119 3139
28 59259 2634
29 61894 547
30 62442 1300
31 63743 1249
32 64993 2509
33 67503 1208
34 68712 8154
35 76867 601
36 77469 1346
37 78816 7426
38 86243 3880
39 90124 3727
40 93852 3479
41 97332 7021
42 104354 4934
43 109289 1660
44 110950 1582
45 112533 2030
46 114564 1353
47 115918 517
48 116436 1366
49 117803 2308
50 120112 4503
51 124616 1549
52 126166 11567
53 137734 2064
54 139799 827
55 140627 929
56 141557 1070
57 142628 1835
58 144464 726
59 145191 11580
60 156772 1793
61 158566 2975
62 161542 3756
63 165299 960
64 166260 2220
65 168481 1239
66 169721 4773
67 174495 321
68 174817 7066
69 181884 1053
70 182938 1792
71 184731 2577
72 187309 1495
73 188805 1256
74 190062 6682
75 196745 3551
76 200297 1006
77 201304 3546
78 204851 1652
79 206504 3007
80 209512 1319
81 210832 508
82 211341 775
83 212117 4848
84 216966 1233
85 218200 6458
86 224659 2703
87 227363 454
88 227818 4253
89 232072 531
90 232604 1497
91 234102 2136
92 236239 2806
93 239046 3186
94 242233 1386
95 243620 1544
96 245165 1146
97 246312 1461
98 247774 2360
99 250135 601
100 250737 6598
101 257336 8176
102 265513 3672
103 269186 4995
104 274182 3469
105 277652 1885
106 279538 1000
107 280539 1419
108 281959 1166
109 283126 2107
110 285234 1307
111 286542 1746
112 288289 1810
113 290100 2187
114 292288 1812
115 294101 7665
116 301767 18315
117 320083 3871
118 323955 4403
119 328359 3350
120 331710 3559
121 335270 10451
122 345722 4073
123 349796 1227
124 351024 890
125 351915 1502
126 353418 969
127 354388 1977
128 356366 4438
129 360805 1642
130 362448 6244
131 368693 7650
132 376344 1993
133 378338 4009
134 382348 2671
135 385020 4769
136 389790 8756
137 398547 4959
138 403507 7987
139 411495 4797
140 416293 10009
141 426303 2184
142 428488 1609
143 430098 2081
144 432180 2435
145 434616 2901
146 437518 2579
147 440098 13314
148 453413 2482
149 455896 2217
150 458114 2510
151 460625 3067
152 463693 1538
153 465232 10113
154 475346 9591
155 484938 4715
156 489654 7013
157 496668 3649
158 500318 3422
159 503741 2860
160 506602 5889
161 512492 3097
162 515590 5840
163 521431 4786
164 526218 13658
165 539877 3838
166 543716 2977
167 546694 1593
168 548288 8092
169 556381 5685
170 562067 12480
171 574548 3829
172 578378 2180
173 580559 5481
174 586041 5849
175 591891 7935
176 599827 10150
177 609978 3592
178 613571 3394
179 616966 2190
180 619157 231
181 619389 3789
182 623179 2000
183 625180 1471
184 626652 7386
185 634039 1032
186 635072 958
187 636031 1617
188 637649 3284
189 640934 1839
190 642774 4037
191 646812 2176
192 648989 4027
193 653017 1397
194 654415 4934
195 659350 2614
196 661965 1765
197 663731 1988
198 665720 1497
199 667218 1045
200 668264 1101
201 669366 6705
202 676072 2164
203 678237 1947
204 680185 6222
205 686408 3623
206 690032 639
207 690672 1834
208 692507 3096
209 695604 1265
210 696870 2304
211 699175 1122
212 700298 3495
213 703794 4127
214 707922 4313
215 712236 6303
216 718540 3770
217 722311 715
218 723027 4292
219 727320 4096
220 731417 552
221 731970 1002
222 732973 1600
223 734574 3670
224 738245 3598
225 741844 4819
226 746664 2713
227 749378 2094
228 751473 3146
229 754620 817
230 755438 7196
231 762635 956
232 763592 3163
233 766756 2388
234 769145 2678
235 771824 3404
236 775229 2565
237 777795 4042
238 781838 2057
239 783896 1877
240 785774 4451
241 790226 1438
242 791665 4440
243 796106 3897
244 800004 5696
245 805701 6680
246 812382 4546
247 816929 1816
248 818746 1267
249 820014 2864
250 822879 6459
251 829339 2554
252 831894 3463
253 835358 2722
254 838081 2272
255 840354 10501
256 850856 767
257 851624 9131
258 860756 2220
259 862977 2536
260 865514 2406
261 867921 2373
262 870295 1350
263 871646 1139
264 872786 2961
265 875748 10173
266 885922 1292
267 887215 3984
268 891200 1132
269 892333 472
270 892806 10779
271 903586 1851
272 905438 3379
273 908818 3358
274 912177 3598
275 915776 9708
276 925485 2200
277 927686 1127
278 928814 796
279 929611 1058
280 930670 1848
281 932519 8513
282 941033 3471
283 944505 6355
284 950861 4830
285 955692 5626
286 961319 1722
287 963042 5376
288 968419 1707
289 970127 1715
290 971843 6801
291 978645 2800
292 981446 1512
293 982959 2082
294 985042 2590
295 987633 2593
296 990227 3776
297 994004 3691
298 997696 2010
299 999707 3232
300 1002940 2871
301 1005812 7587
302 1013400 414
303 1013815 510
304 1014326 11276
305 1025603 4507
306 1030111 3693
307 1033805 9042
308 1042848 3423
309 1046272 2067
310 1048340 2017
311 1050358 7147
312 1057506 6480
313 1063987 3706
314 1067694 2262
315 1069957 14985
316 1084943 6430
317 1091374 1344
318 1092719 1991
319 1094711 2953
320 1097665 2600
321 1100266 2152
322 1102419 1604
323 1104024 756
324 1104781 1406
325 1106188 750
326 1106939 400
327 1107340 4003
328 1111344 3078
329 1114423 4180
330 1118604 7623
331 1126228 5453
332 1131682 1360
333 1133043 1188
334 1134232 944
335 1135177 1874
336 1137052 2423
337 1139476 5512
338 1144989 2514
339 1147504 8116
340 1155621 2486
341 1158108 931
342 1159040 862
343 1159903 1658
344 1161562 2254
345 1163817 7302
346 1171120 1656
347 1172777 4784
348 1177562 2468
349 1180031 3641
350 1183673 2708
351 1186382 6978
352 1193361 2319
353 1195681 3038
354 1198720 4620
355 1203341 2538
356 1205880 2900
357 1208781 1921
358 1210703 1290
359 1211994 4753
360 1216748 1650
361 1218399 1008
362 1219408 1618
363 1221027 1816
364 1222844 4625
365 1227470 1689
366 1229160 2702
367 1231863 9365
368 1241229 1893
369 1243123 2644
370 1245768 9106
371 1254875 3567
372 1258443 6174
373 1264618 3385
374 1268004 2972
375 1270977 7898
376 1278876 1750
377 1280627 2217
378 1282845 1663
379 1284509 979
380 1285489 2404
381 1287894 1683
382 1289578 1785
383 1291364 14915
384 1306280 7403
385 1313684 3159
386 1316844 1691
387 1318536 1427
388 1319964 7704
389 1327669 2008
390 1329678 2130
391 1331809 1800
392 1333610 1702
393 1335313 2093
394 1337407 1173
395 1338581 3765
396 1342347 2439
397 1344787 2064
398 1346852 2534
399 1349387 3460
400 1352848 2486
401 1355335 2541
402 1357877 20236
403 1378114 8421
404 1386536 4394
405 1390931 4499
406 1395431 4168
407 1399600 1546
408 1401147 4510
409 1405658 1376
410 1407035 1194
411 1408230 1492
412 1409723 7433
413 1417157 2204
414 1419362 18050
415 1437413 8903
416 1446317 5700
417 1452018 4049
418 1456068 3583
419 1459652 2077
420 1461730 16385
421 1478116 4484
422 1482601 1177
423 1483779 1951
424 1485731 1377
425 1487109 8176
426 1495286 5196
427 1500483 6869
428 1507353 1933
429 1509287 8221
430 1517509 7578
431 1525088 8522
432 1533611 4994
433 1538606 6761
434 1545368 15116
435 1560485 7542
436 1568028 5106
437 1573135 1383
438 1574519 1578
439 1576098 2166
440 1578265 1360
441 1579626 842
442 1580469 6396
443 1586866 2157
444 1589024 8272
445 1597297 4242
446 1601540 1901
447 1603442 5262
448 1608705 5495
449 1614201 9141
450 1623343 4717
451 1628061 9520
452 1637582 3797
453 1641380 1087
454 1642468 1433
455 1643902 9103
456 1653006 321
457 1653328 1753
458 1655082 794
459 1655877 1480
460 1657358 12576
461 1669935 8058
462 1677994 4103
463 1682098 5026
464 1687125 4488
465 1691614 8915
466 1700530 2231
467 1702762 5389
468 1708152 2951
469 1711104 3135
470 1714240 1706
471 1715947 8116
472 1724064 3714
473 1727779 14178
474 1741958 3302
475 1745261 3902
476 1749164 4337
477 1753502 11617
478 1765120 943
479 1766064 8022
480 1774087 6290
481 1780378 806
482 1781185 5706
483 1786892 15585
484 1802478 932
485 1803411 6089
486 1809501 683
487 1810185 5271
488 1815457 8084
489 1823542 1465
490 1825008 4375
491 1829384 725
492 1830110 8937
493 1839048 1378
494 1840427 8088
495 1848516 11552
496 1860069 2050
497 1862120 3610
498 1865731 5172
499 1870904 5337
500 1876242 5165
501 1881408 6343
502 1887752 1036
503 1888789 7201
504 1895991 2946
505 1898938 9533
506 1908472 4222
507 1912695 6425
508 1919121 2888
509 1922010 1586
510 1923597 2924
511 1926522 3404
512 1929927 1775
513 1931703 5557
514 1937261 9061
515 1946323 2296
516 1948620 8423
517 1957044 6799
518 1963844 6463
519 1970308 3690
520 1973999 3385
521 1977385 2889
522 1980275 3415
523 1983691 473
524 1984165 2169
525 1986335 3927
526 1990263 3616
527 1993880 2913
528 1996794 3580
529 2000375 2697
530 2003073 6564
531 2009638 9425
532 2019064 8436
533 2027501 10529
534 2038031 9692
535 2047724 10278
536 2058003 7960
537 2065964 5472
538 2071437 6246
539 2077684 7495
540 2085180 3553
541 2088734 3992
542 2092727 2361
543 2095089 1546
544 2096636 1665
545 2098302 3154
546 2101457 3516
547 2104974 5939
548 2110914 3575
549 2114490 4596
550 2119087 3484
551 2122572 11604
552 2134177 5154
553 2139332 4808
554 2144141 1074
555 2145216 4169
556 2149386 3658
557 2153045 3445
558 2156491 4907
559 2161399 4558
560 2165958 7986
561 2173945 2248
562 2176194 5538
563 2181733 4380
564 2186114 6526
565 2192641 4792
566 2197434 2170
567 2199605 1496
568 2201102 3316
569 2204419 4598
570 2209018 4137
571 2213156 6238
572 2219395 8580
573 2227976 1856
574 2229833 5783
575 2235617 7277
576 2242895 1276
577 2244172 3423
578 2247596 4110
579 2251707 1612
580 2253320 7289
581 2260610 2757
582 2263368 10140
583 2273509 4295
584 2277805 5807
585 2283613 817
586 2284431 3759
587 2288191 1978
588 2290170 3238
589 2293409 3747
590 2297157 4236
591 2301394 3617
592 2305012 14617
593 2319630 3064
594 2322695 4832
595 2327528 4115
596 2331644 2633
597 2334278 2736
598 2337015 3582
599 2340598 3480
600 2344079 19808
601 2363888 4011
602 2367900 1265
603 2369166 4184
604 2373351 3686
605 2377038 5359
606 2382398 4331
607 2386730 3805
608 2390536 4371
609 2394908 3080
610 2397989 1700
611 2399690 4315
612 2404006 3748
613 2407755 3171
614 2410927 4008
615 2414936 4170
616 2419107 3554
617 2422662 3655
618 2426318 3816
619 2430135 4015
620 2434151 3482
621 2437634 4322
622 2441957 10516
623 2452474 3775
624 2456250 4731
625 2460982 3503
626 2464486 4021
627 2468508 4782
628 2473291 4185
629 2477477 3963
630 2481441 3490
631 2484932 2845
632 2487778 3101
633 2490880 3143
634 2494024 4072
635 2498097 3278
636 2501376 19367
637 2520744 4365
638 2525110 3418
639 2528529 1564
640 2530094 3464
641 2533559 3526
642 2537086 19552
643 2556639 4685
644 2561325 1522
645 2562848 3425
646 2566274 4848
647 2571123 4152
648 2575276 1238
649 2576515 3465
650 2579981 5445
651 2585427 3787
652 2589215 5077
653 2594293 3170
654 2597464 3300
655 2600765 3649
656 2604415 3741
657 2608157 3491
658 2611649 2747
659 2614397 3243
660 2617641 3657
661 2621299 3206
662 2624506 3561
663 2628068 18950
664 2647019 4515
665 2651535 3786
666 2655322 3626
667 2658949 1605
668 2660555 4340
669 2664896 1249
670 2666146 943
671 2667090 2959
672 2670050 4082
673 2674133 3536
674 2677670 2859
675 2680530 3539
676 2684070 2623
677 2686694 1120
678 2687815 4233
679 2692049 19813
680 2711863 3838
681 2715702 4833
682 2720536 3340
683 2723877 4808
684 2728686 3326
685 2732013 3274
686 2735288 3658
687 2738947 1628
688 2740576 2825
689 2743402 952
690 2744355 1127
691 2745483 15556
692 2761040 6437
693 2767478 13968
694 2781447 742
695 2782190 2775
696 2784966 2057
697 2787024 2613
698 2789638 2789
699 2792428 1782
700 2794211 20056
701 2814268 9043
702 2823312 3577
703 2826890 3559
704 2830450 3400
705 2833851 3366
706 2837218 434
707 2837653 2913
708 2840567 4112
709 2844680 2973
710 2847654 933
711 2848588 3843
712 2852432 28640
713 2881073 4218
714 2885292 7393
715 2892686 9327
716 2902014 30304
717 2932319 19687
718 2952007 943
719 2952951 620
720 2953572 2317
721 2955890 1619
722 2957510 4970
723 2962481 3320
724 2965802 4053
725 2969856 2505
726 2972362 4596
727 2976959 1149
728 2978109 2007
729 2980117 673
730 2980791 425
731 2981217 9923
732 2991141 2304
733 2993446 857
734 2994304 3546
735 2997851 935
736 2998787 2589
737 3001377 3121
738 3004499 334
739 3004834 7212
740 3012047 19033
741 3031081 5706
742 3036788 1307
743 3038096 2184
744 3040281 2352
745 3042634 2613
746 3045248 9003
747 3054252 3651
748 3057904 2362
749 3060267 22097
750 3082365 856
751 3083222 399
752 3083622 1155
753 3084778 3848
754 3088627 1139
755 3089767 3536
756 3093304 3255
757 3096560 1570
758 3098131 1339
759 3099471 2009
760 3101481 2161
761 3103643 1317
762 3104961 3899
763 3108861 556
764 3109418 6474
765 3115893 2578
766 3118472 3676
767 3122149 824
768 3122974 1275
769 3124250 2421
770 3126672 693
771 3127366 792
772 3128159 5021
773 3133181 5327
774 3138509 1321
775 3139831 1113
776 3140945 1322
777 3142268 5252
778 3147521 2519
779 3150041 3088
780 3153130 6891
781 3160022 6179
782 3166202 9221
783 3175424 11610
784 3187035 2090
785 3189126 6519
786 3195646 5790
787 3201437 10015
788 3211453 7725
789 3219179 5995
790 3225175 1228
791 3226404 9991
792 3236396 5521
793 3241918 3054
794 3244973 1995
795 3246969 2322
796 3249292 1825
797 3251118 1419
798 3252538 1499
799 3254038 1552
800 3255591 1638
801 3257230 3472
802 3260703 2562
803 3263266 15276
804 3278543 3298
805 3281842 6161
806 3288004 2559
807 3290564 2764
808 3293329 9378
809 3302708 1395
810 3304104 4988
811 3309093 1413
812 3310507 1709
813 3312217 1841
814 3314059 2875
815 3316935 8174
816 3325110 7531
817 3332642 3502
818 3336145 9756
819 3345902 1644
820 3347547 951
821 3348499 3773
822 3352273 1036
823 3353310 15066
824 3368377 6513
825 3374891 7802
826 3382694 2862
827 3385557 2738
828 3388296 1212
829 3389509 11746
830 3401256 5300
831 3406557 5911
832 3412469 1777
833 3414247 957
834 3415205 22550
835 3437756 1501
836 3439258 6632
837 3445891 6417
838 3452309 9569
839 3461879 1630
840 3463510 3782
841 3467293 2100
842 3469394 796
843 3470191 1112
844 3471304 2953
845 3474258 4427
846 3478686 9695
847 3488382 2202
848 3490585 3182
849 3493768 2117
850 3495886 2296
851 3498183 27029
852 3525213 1911
853 3527125 1791
854 3528917 5381
855 3534299 5481
856 3539781 2512
857 3542294 3429
858 3545724 4782
859 3550507 3745
860 3554253 3397
861 3557651 15505
862 3573157 4149
863 3577307 3614
864 3580922 10175
865 3591098 1687
866 3592786 1508
867 3594295 5885
868 3600181 10969
869 3611151 5065
870 3616217 3873
871 3620091 2216
872 3622308 1280
873 3623589 674
874 3624264 1551
875 3625816 4670
876 3630487 2753
877 3633241 1972
878 3635214 8785
879 3644000 6290
880 3650291 5200
881 3655492 1993
882 3657486 6495
883 3663982 2989
884 3666972 2959
885 3669932 7531
886 3677464 1717
887 3679182 2129
888 3681312 2612
889 3683925 1713
890 3685639 1610
891 3687250 10938
892 3698189 7635
893 3705825 3374
894 3709200 3058
895 3712259 1918
896 3714178 5595
897 3719774 8185
898 3727960 3228
899 3731189 598
900 3731788 3677
901 3735466 5117
902 3740584 6931
903 3747516 931
904 3748448 2385
905 3750834 4389
906 3755224 3574
907 3758799 2926
908 3761726 5648
909 3767375 5097
910 3772473 7375
911 3779849 1143
912 3780993 3960
913 3784954 1362
914 3786317 7369
915 3793687 3314
916 3797002 4403
917 3801406 4870
918 3806277 2366
919 3808644 6079
920 3814724 2300
921 3817025 1729
922 3818755 15322
923 3834078 9306
924 3843385 5413
925 3848799 1380
926 3850180 5717
927 3855898 1414
928 3857313 4655
929 3861969 4630
930 3866600 9789
931 3876390 1746
932 3878137 3498
933 3881636 9618
934 3891255 3931
935 3895187 7917
936 3903105 13704
937 3916810 3797
938 3920608 14076
939 3934685 5420
940 3940106 2825
941 3942932 2714
942 3945647 1258
943 3946906 1114
944 3948021 869
945 3948891 989
946 3949881 1004
947 3950886 2368
948 3953255 1752
949 3955008 1161
950 3956170 911
951 3957082 1142
952 3958225 1366
953 3959592 1007
954 3960600 1958
955 3962559 2634
956 3965194 1284
957 3966479 2751
958 3969231 2827
959 3972059 3008
960 3975068 1071
961 3976140 3624
962 3979765 2554
963 3982320 4306
964 3986627 3342
965 3989970 5892
966 3995863 3311
967 3999175 931
968 4000107 2338
969 4002446 4638
970 4007085 806
971 4007892 5816
972 4013709 1245
973 4014955 6027
974 4020983 885
975 4021869 1629
976 4023499 884
977 4024384 3285
978 4027670 6420
979 4034091 837
980 4034929 3431
981 4038361 4037
982 4042399 1258
983 4043658 1092
984 4044751 1813
985 4046565 1546
986 4048112 2508
987 4050621 2507
988 4053129 1759
989 4054889 1390
990 4056280 2921
991 4059202 2448
992 4061651 1579
993 4063231 1872
994 4065104 1092
995 4066197 962
996 4067160 3375
997 4070536 1969
998 4072506 1940
999 4074447 2235
1000 4076683 1966
1001 4078650 3134
1002 4081785 1806
1003 4083592 3209
1004 4086802 529
1005 4087332 1117
1006 4088450 822
1007 4089273 2580
1008 4091854 1069
1009 4092924 2290
1010 4095215 1874
1011 4097090 1434
1012 4098525 736
1013 4099262 1689
1014 4100952 2550
1015 4103503 1578
1016 4105082 2298
1017 4107381 2399
1018 4109781 2261
1019 4112043 1079
1020 4113123 2532
1021 4115656 1438
1022 4117095 4196
1023 4121292 2121
1024 4123414 1802
1025 4125217 4225
1026 4129443 549
1027 4129993 842
1028 4130836 2576
1029 4133413 4249
1030 4137663 3570
1031 4141234 916
1032 4142151 3526
1033 4145678 1233
1034 4146912 2407
1035 4149320 2666
1036 4151987 426
1037 4152414 442
1038 4152857 452
1039 4153310 502
1040 4153813 472
1041 4154286 480
1042 4154767 504
1043 4155272 540
1044 4155813 488
1045 4156302 518
1046 4156821 494
1047 4157316 486
1048 4157803 502
1049 4158306 470
1050 4158777 538
1051 4159316 6373
1052 4165690 3594
1053 4169285 6877
1054 4176163 10199
1055 4186363 2193
1056 4188557 3692
1057 4192250 2353
1058 4194604 3725
1059 4198330 2958
1060 4201289 3791
1061 4205081 1639
1062 4206721 10156
1063 4216878 2161
1064 4219040 5002
1065 4224043 2437
1066 4226481 1531
1067 4228013 7975
1068 4235989 6804
1069 4242794 4464
1070 4247259 9635
1071 4256895 6430
1072 4263326 5755
1073 4269082 2895
1074 4271978 5694
1075 4277673 10459
1076 4288133 4333
1077 4292467 6183
1078 4298651 4657
1079 4303309 2294
1080 4305604 3449
1081 4309054 8924
1082 4317979 1825
1083 4319805 5760
1084 4325566 4067
1085 4329634 4072
1086 4333707 2630
1087 4336338 374
1088 4336713 1875
1089 4338589 7422
1090 4346012 4468
1091 4350481 2448
1092 4352930 1758
1093 4354689 3106
1094 4357796 3545
1095 4361342 2811
1096 4364154 5258
1097 4369413 1195
1098 4370609 1181
1099 4371791 3133
1100 4374925 7640
1101 4382566 7673
1102 4390240 1208
1103 4391449 6043
1104 4397493 1711
1105 4399205 2348
1106 4401554 4857
1107 4406412 1742
1108 4408155 3376
1109 4411532 1946
1110 4413479 1190
1111 4414670 2660
1112 4417331 689
1113 4418021 2819
1114 4420841 5229
1115 4426071 1675
1116 4427747 2853
1117 4430601 4175
1118 4434777 1270
1119 4436048 1128
1120 4437177 1637
1121 4438815 1201
1122 4440017 1681
1123 4441699 837
1124 4442537 884
1125 4443422 3844
1126 4447267 849
1127 4448117 3133
1128 4451251 7864
1129 4459116 2566
1130 4461683 1525
1131 4463209 3180
1132 4466390 1177
1133 4467568 2718
1134 4470287 2370
1135 4472658 1365
1136 4474024 1048
1137 4475073 3691
1138 4478765 3091
1139 4481857 1477
1140 4483335 8348
1141 4491684 1476
1142 4493161 2075
1143 4495237 973
1144 4496211 1685
1145 4497897 1642
1146 4499540 933
1147 4500474 2446
1148 4502921 9663
1149 4512585 3978
1150 4516564 1965
1151 4518530 1571
1152 4520102 2570
1153 4522673 2017
1154 4524691 3762
1155 4528454 950
1156 4529405 1217
1157 4530623 1934
1158 4532558 1442
1159 4534001 3821
1160 4537823 5728
1161 4543552 2250
1162 4545803 2912
1163 4548716 1514
1164 4550231 5760
1165 4555992 2668
1166 4558661 1297
1167 4559959 1275
1168 4561235 1344
1169 4562580 7965
1170 4570546 1716
1171 4572263 2838
1172 4575102 1252
1173 4576355 1422
1174 4577778 5132
1175 4582911 3051
1176 4585963 1306
1177 4587270 2798
1178 4590069 1453
1179 4591523 933
1180 4592457 2785
1181 4595243 1504
1182 4596748 917
1183 4597666 3010
1184 4600677 1208
1185 4601886 8783
1186 4610670 2612
1187 4613283 1634
1188 4614918 2244
1189 4617163 1998
1190 4619162 6257
1191 4625420 2088
1192 4627509 1576
1193 4629086 3157
1194 4632244 4069
1195 4636314 2693
1196 4639008 2886
1197 4641895 1046
1198 4642942 1428
1199 4644371 5513
1200 4649885 3628
1201 4653514 2090
1202 4655605 5816
1203 4661422 6790
1204 4668213 1216
1205 4669430 1527
1206 4670958 364
1207 4671323 2208
1208 4673532 1751
1209 4675284 2955
1210 4678240 1229
1211 4679470 1969
1212 4681440 923
1213 4682364 1877
1214 4684242 2976
1215 4687219 6893
1216 4694113 2670
1217 4696784 1572
1218 4698357 1777
1219 4700135 1712
1220 4701848 967
1221 4702816 8966
1222 4711783 5619
1223 4717403 5677
1224 4723081 5494
1225 4728576 6751
1226 4735328 2082
1227 4737411 19465
1228 4756877 7689
1229 4764567 1828
1230 4766396 1244
1231 4767641 3044
1232 4770686 1866
1233 4772553 2701
1234 4775255 4177
1235 4779433 1421
1236 4780855 603
1237 4781459 6580
1238 4788040 2422
1239 4790463 1837
1240 4792301 3355
1241 4795657 1897
1242 4797555 13763
1243 4811319 548
1244 4811868 1634
1245 4813503 3040
1246 4816544 2377
1247 4818922 2829
1248 4821752 18382
1249 4840135 3351
1250 4843487 3702
1251 4847190 6368
1252 4853559 1499
1253 4855059 2696
1254 4857756 2105
1255 4859862 3120
1256 4862983 1614
1257 4864598 8526
1258 4873125 3515
1259 4876641 3402
1260 4880044 7927
1261 4887972 8211
1262 4896184 8648
1263 4904833 5697
1264 4910531 7069
1265 4917601 5503
1266 4923105 1806
1267 4924912 6435
1268 4931348 9029
1269 4940378 3875
1270 4944254 4605
1271 4948860 2738
1272 4951599 2403
1273 4954003 3867
1274 4957871 4821
1275 4962693 4273
1276 4966967 3259
1277 4970227 7063
1278 4977291 8578
1279 4985870 8499
1280 4994370 2808
1281 4997179 626
1282 4997806 4201
1283 5002008 8147
1284 5010156 8347
1285 5018504 5419
1286 5023924 2412
1287 5026337 7606
1288 5033944 6647
1289 5040592 2909
1290 5043502 1069
1291 5044572 3064
1292 5047637 10598
1293 5058236 7573
1294 5065810 7626
1295 5073437 1039
1296 5074477 2973
1297 5077451 8037
1298 5085489 6951
1299 5092441 4066
1300 5096508 1030
1301 5097539 9589
1302 5107129 9640
1303 5116770 2715
1304 5119486 3804
1305 5123291 5700
1306 5128992 14792
1307 5143785 3055
1308 5146841 4465
1309 5151307 7901
1310 5159209 6508
1311 5165718 2517
1312 5168236 3875
1313 5172112 3810
1314 5175923 1857
1315 5177781 3396
1316 5181178 5049
1317 5186228 2238
1318 5188467 1104
1319 5189572 1361
1320 5190934 4005
1321 5194940 975
1322 5195916 3495
1323 5199412 3309
1324 5202722 3685
1325 5206408 3286
1326 5209695 2474
1327 5212170 984
1328 5213155 1258
1329 5214414 8075
1330 5222490 7021
1331 5229512 4492
1332 5234005 7306
1333 5241312 1004
1334 5242317 3338
1335 5245656 9079
1336 5254736 2156
1337 5256893 6304
1338 5263198 6295
1339 5269494 1140
1340 5270635 819
1341 5271455 6774
1342 5278230 3591
1343 5281822 2690
1344 5284513 1021
1345 5285535 3768
1346 5289304 1651
1347 5290956 2713
1348 5293670 2694
1349 5296365 524
1350 5296890 4162
1351 5301053 6084
1352 5307138 1750
1353 5308889 3605
1354 5312495 2467
1355 5314963 5792
1356 5320756 7778
1357 5328535 4951
1358 5333487 919
1359 5334407 1285
1360 5335693 2045
1361 5337739 4077
1362 5341817 3506
1363 5345324 609
1364 5345934 4071
1365 5350006 2916
1366 5352923 2865
1367 5355789 3517
1368 5359307 5611
1369 5364919 4632
1370 5369552 5106
1371 5374659 2719
1372 5377379 9180
1373 5386560 9418
1374 5395979 5560
1375 5401540 2035
1376 5403576 7367
1377 5410944 2612
1378 5413557 8358
1379 5421916 1320
1380 5423237 1896
1381 5425134 3100
1382 5428235 4564
1383 5432800 2035
1384 5434836 1213
1385 5436050 1233
1386 5437284 5301
1387 5442586 2795
1388 5445382 4028
1389 5449411 1150
1390 5450562 2036
1391 5452599 2158
1392 5454758 1351
1393 5456110 2906
1394 5459017 1598
1395 5460616 751
1396 5461368 546
1397 5461915 875
1398 5462791 686
1399 5463478 547
1400 5464026 585
1401 5464612 1355
1402 5465968 3538
1403 5469507 3745
1404 5473253 524
1405 5473778 2099
1406 5475878 1350
1407 5477229 3410
1408 5480640 6264
1409 5486905 3282
1410 5490188 5338
1411 5495527 3024
1412 5498552 3825
1413 5502378 3304
1414 5505683 3054
1415 5508738 1938
1416 5510677 3213
1417 5513891 1954
1418 5515846 3823
1419 5519670 3636
1420 5523307 11158
1421 5534466 10081
1422 5544548 2065
1423 5546614 3838
1424 5550453 3462
1425 5553916 4232
1426 5558149 1531
1427 5559681 1472
1428 5561154 2367
1429 5563522 1964
1430 5565487 3116
1431 5568604 2775
1432 5571380 2402
1433 5573783 9670
1434 5583454 2037
1435 5585492 1871
1436 5587364 2663
1437 5590028 3205
1438 5593234 9536
1439 5602771 3478
1440 5606250 8396
1441 5614647 1744
1442 5616392 1069
1443 5617462 1470
1444 5618933 1073
1445 5620007 1386
1446 5621394 5378
1447 5626773 5010
1448 5631784 2169
1449 5633954 1756
1450 5635711 4034
1451 5639746 2337
1452 5642084 2274
1453 5644359 1493
1454 5645853 4297
1455 5650151 1281
1456 5651433 1249
1457 5652683 1426
1458 5654110 1703
1459 5655814 5201
1460 5661016 2540
1461 5663557 10940
1462 5674498 1539
1463 5676038 2106
1464 5678145 7049
1465 5685195 1881
1466 5687077 7305
1467 5694383 3347
1468 5697731 1934
1469 5699666 12904
1470 5712571 5268
1471 5717840 4693
1472 5722534 2490
1473 5725025 2337
1474 5727363 2169
1475 5729533 1397
1476 5730931 1185
1477 5732117 687
1478 5732805 4775
1479 5737581 1310
1480 5738892 917
1481 5739810 3131
1482 5742942 1910
1483 5744853 2893
1484 5747747 986
1485 5748734 1334
1486 5750069 1371
1487 5751441 543
1488 5751985 3975
1489 5755961 4973
1490 5760935 3258
1491 5764194 2226
1492 5766421 875
1493 5767297 801
1494 5768099 1260
1495 5769360 5700
1496 5775061 1606
1497 5776668 783
1498 5777452 1700
1499 5779153 12994
1500 5792148 569
1501 5792718 1857
1502 5794576 2487
1503 5797064 2338
1504 5799403 2703
1505 5802107 1665
1506 5803773 637
1507 5804411 2176
1508 5806588 2212
1509 5808801 2216
1510 5811018 2339
1511 5813358 2151
1512 5815510 497
1513 5816008 2444
1514 5818453 1249
1515 5819703 3117
1516 5822821 1575
1517 5824397 722
1518 5825120 1060
1519 5826181 624
1520 5826806 658
1521 5827465 631
1522 5828097 676
1523 5828774 658
1524 5829433 634
1525 5830068 604
1526 5830673 627
1527 5831301 690
1528 5831992 661
1529 5832654 670
1530 5833325 641
1531 5833967 636
1532 5834604 639
1533 5835244 639
1534 5835884 639
1535 5836524 636
1536 5837161 630
1537 5837792 641
1538 5838434 645
1539 5839080 657
1540 5839738 640
1541 5840379 627
1542 5841007 633
1543 5841641 686
1544 5842328 629
1545 5842958 372
1546 5843331 674
1547 5844006 659
1548 5844666 575
1549 5845242 642
1550 5845885 685
1551 5846571 638
1552 5847210 670
1553 5847881 655
1554 5848537 643
1555 5849181 663
1556 5849845 656
1557 5850502 666
1558 5851169 660
1559 5851830 639
1560 5852470 637
1561 5853108 658
1562 5853767 631
1563 5854399 679
1564 5855079 636
1565 5855716 632
1566 5856349 557
1567 5856907 627
1568 5857535 657
1569 5858193 642
1570 5858836 627
1571 5859464 628
1572 5860093 675
1573 5860769 627
1574 5861397 633
1575 5862031 661
1576 5862693 631
1577 5863325 674
1578 5864000 670
1579 5864671 637
1580 5865309 627
1581 5865937 295
1582 5866233 312
1583 5866546 657
1584 5867204 640
1585 5867845 289
1586 5868135 311
1587 5868447 667
1588 5869115 627
1589 5869743 635
1590 5870379 662
1591 5871042 684
1592 5871727 636
1593 5872364 642
1594 5873007 637
1595 5873645 641
1596 5874287 661
1597 5874949 660
1598 5875610 639
1599 5876250 661
1600 5876912 657
1601 5877570 635
1602 5878206 632
1603 5878839 661
1604 5879501 648
1605 5880150 681
1606 5880832 661
1607 5881494 671
1608 5882166 648
1609 5882815 675
1610 5883491 663
1611 5884155 661
1612 5884817 663
1613 5885481 657
1614 5886139 637
1615 5886777 634
1616 5887412 623
1617 5888036 627
1618 5888664 630
1619 5889295 638
1620 5889934 646
1621 5890581 638
1622 5891220 661
1623 5891882 603
1624 5892486 659
1625 5893146 644
1626 5893791 626
1627 5894418 640
1628 5895059 661
1629 5895721 638
1630 5896360 640
1631 5897001 637
1632 5897639 637
1633 5898277 668
1634 5898946 646
1635 5899593 661
1636 5900255 669
1637 5900925 669
1638 5901595 627
1639 5902223 620
1640 5902844 631
1641 5903476 638
1642 5904115 646
1643 5904762 639
1644 5905402 642
1645 5906045 603
1646 5906649 661
1647 5907311 630
1648 5907942 641
1649 5908584 627
1650 5909212 661
1651 5909874 634
1652 5910509 644
1653 5911154 661
1654 5911816 621
1655 5912438 631
1656 5913070 639
1657 5913710 648
1658 5914359 640
1659 5915000 637
1660 5915638 605
1661 5916244 659
1662 5916904 643
1663 5917548 625
1664 5918174 661
1665 5918836 635
1666 5919472 644
1667 5920117 709
1668 5920827 646
1669 5921474 660
1670 5922135 622
1671 5922758 602
1672 5923361 638
1673 5924000 638
1674 5924639 624
1675 5925264 632
1676 5925897 639
1677 5926537 646
1678 5927184 639
1679 5927824 635
1680 5928460 642
1681 5929103 627
1682 5929731 660
1683 5930392 660
1684 5931053 632
1685 5931686 632
1686 5932319 648
1687 5932968 660
1688 5933629 622
1689 5934252 635
1690 5934888 639
1691 5935528 648
1692 5936177 639
1693 5936817 636
1694 5937454 602
1695 5938057 660
1696 5938718 642
1697 5939361 623
1698 5939985 660
1699 5940646 631
1700 5941278 628
1701 5941907 648
1702 5942556 630
1703 5943187 622
1704 5943810 633
1705 5944444 639
1706 5945084 650
1707 5945735 640
1708 5946376 637
1709 5947014 660
1710 5947675 602
1711 5948278 694
1712 5948973 641
1713 5949615 627
1714 5950243 660
1715 5950904 683
1716 5951588 675
1717 5952264 632
1718 5952897 648
1719 5953546 659
1720 5954206 676
1721 5954883 651
1722 5955535 668
1723 5956204 663
1724 5956868 667
1725 5957536 655
1726 5958192 670
1727 5958863 664
1728 5959528 668
1729 5960197 666
1730 5960864 642
1731 5961507 638
1732 5962146 635
1733 5962782 624
1734 5963407 633
1735 5964041 634
1736 5964676 649
1737 5965326 639
1738 5965966 668
1739 5966635 602
1740 5967238 627
1741 5967866 659
1742 5968526 648
1743 5969175 642
1744 5969818 626
1745 5970445 663
1746 5971109 660
1747 5971770 629
1748 5972400 648
1749 5973049 660
1750 5973710 620
1751 5974331 632
1752 5974964 639
1753 5975604 652
1754 5976257 641
1755 5976899 643
1756 5977543 604
1757 5978148 660
1758 5978809 641
1759 5979451 625
1760 5980077 628
1761 5980706 647
1762 5981354 618
1763 5981973 603
1764 5982577 642
1765 5983220 640
1766 5983861 622
1767 5984484 634
1768 5985119 639
1769 5985759 649
1770 5986409 639
1771 5987049 668
1772 5987718 661
1773 5988380 642
1774 5989023 625
1775 5989649 661
1776 5990311 691
1777 5991003 615
1778 5991619 640
1779 5992260 678
1780 5992939 634
1781 5993574 649
1782 5994224 661
1783 5994886 665
1784 5995552 662
1785 5996215 694
1786 5996910 674
1787 5997585 651
1788 5998237 653
1789 5998891 653
1790 5999545 665
1791 6000211 664
1792 6000876 693
1793 6001570 629
1794 6002200 635
1795 6002836 639
1796 6003476 621
1797 6004098 633
1798 6004732 649
1799 6005382 637
1800 6006020 693
1801 6006714 604
1802 6007319 661
1803 6007981 643
1804 6008625 624
1805 6009250 661
1806 6009912 637
1807 6010550 645
1808 6011196 661
1809 6011858 656
1810 6012515 620
1811 6013136 634
1812 6013771 634
1813 6014406 646
1814 6015053 643
1815 6015697 655
1816 6016353 603
1817 6016957 661
1818 6017619 651
1819 6018271 641
1820 6018913 623
1821 6019537 661
1822 6020199 645
1823 6020845 662
1824 6021508 661
1825 6022170 604
1826 6022775 663
1827 6023439 661
1828 6024101 622
1829 6024724 661
1830 6025386 641
1831 6026028 626
1832 6026655 628
1833 6027284 661
1834 6027946 639
1835 6028586 698
1836 6029285 643
1837 6029929 659
1838 6030589 673
1839 6031263 651
1840 6031915 642
1841 6032558 661
1842 6033220 665
1843 6033886 650
1844 6034537 663
1845 6035201 660
1846 6035862 2708
1847 6038571 729
1848 6039301 5965
1849 6045267 3341
1850 6048609 8958
1851 6057568 4016
1852 6061585 2056
1853 6063642 3437
1854 6067080 7601
1855 6074682 2647
1856 6077330 2744
1857 6080075 9675
1858 6089751 19280
1859 6109032 3123
1860 6112156 2760
1861 6114917 5383
1862 6120301 2268
1863 6122570 4274
1864 6126845 6549
1865 6133395 977
1866 6134373 4896
1867 6139270 8223
1868 6147494 5362
1869 6152857 6691
1870 6159549 937
1871 6160487 3802
1872 6164290 2964
1873 6167255 3595
1874 6170851 2557
1875 6173409 3717
1876 6177127 4703
1877 6181831 9645
1878 6191477 9648
1879 6201126 11546
1880 6212673 2168
1881 6214842 4807
1882 6219650 3033
1883 6222684 1663
1884 6224348 5801
1885 6230150 2046
1886 6232197 1940
1887 6234138 8410
1888 6242549 8810
1889 6251360 2775
1890 6254136 4498
1891 6258635 3165
1892 6261801 1949
1893 6263751 10656
1894 6274408 6299
1895 6280708 5323
1896 6286032 1325
1897 6287358 1873
1898 6289232 3622
1899 6292855 3721
1900 6296577 2538
1901 6299116 7699
1902 6306816 7020
1903 6313837 6505
1904 6320343 8811
1905 6329155 3170
1906 6332326 2830
1907 6335157 1863
1908 6337021 7080
1909 6344102 3432
1910 6347535 2670
1911 6350206 1171
1912 6351378 11638
1913 6363017 10860
1914 6373878 9921
1915 6383800 6953
1916 6390754 8858
1917 6399613 2274
1918 6401888 507
1919 6402396 2788
1920 6405185 610
1921 6405796 6392
1922 6412189 4317
1923 6416507 2339
1924 6418847 9204
1925 6428052 6540
1926 6434593 1581
1927 6436175 7433
1928 6443609 2752
1929 6446362 7703
1930 6454066 4494
1931 6458561 2959
1932 6461521 6329
1933 6467851 9273
1934 6477125 2994
1935 6480120 4405
1936 6484526 3917
1937 6488444 1733
1938 6490178 6537
1939 6496716 5494
1940 6502211 5253
1941 6507465 8049
1942 6515515 1857
1943 6517373 2839
1944 6520213 2012
1945 6522226 3132
1946 6525359 6335
1947 6531695 988
1948 6532684 942
1949 6533627 1152
1950 6534780 804
1951 6535585 6328
1952 6541914 2860
1953 6544775 5094
1954 6549870 9086
1955 6558957 7371
1956 6566329 1514
1957 6567844 655
1958 6568500 3301
